date,state,positive,death,hospitalized,positiveIncrease
20210202,AR,298004,4939,13730,1510
20210201,AR,296494,4895,13651,1226
20210131,AR,295268,4868,13610,881
20210130,AR,294387,4838,13599,1824
20210129,AR,292563,4831,13552,1707
20210128,AR,290856,4784,13505,1892
20210127,AR,288964,4742,13447,1777
20210126,AR,287187,4690,13401,2485
20210125,AR,284702,4650,13312,636
20210124,AR,284066,4606,13267,1071
20210123,AR,282995,4563,13250,1613
20210122,AR,281382,4549,13130,2162
20210121,AR,279220,4496,13055,3106
20210120,AR,276114,4441,12982,2520
20210119,AR,273594,4386,12851,1331
20210118,AR,272263,4343,12756,1109
20210117,AR,271154,4311,12701,976
20210116,AR,270178,4293,12686,2543
20210115,AR,267635,4263,12598,3124
20210114,AR,264511,4228,12503,2491
20210113,AR,262020,4186,12414,2467
20210112,AR,259553,4121,12313,3209
20210111,AR,256344,4081,12115,1268
20210110,AR,255076,4043,12115,3330
20210109,AR,251746,4010,12087,2886
20210108,AR,248860,3966,11968,2944
20210107,AR,245916,3926,11900,3323
20210106,AR,242593,3901,11867,3705
20210105,AR,238888,3836,11743,4107
20210104,AR,234781,3800,11514,1306
20210103,AR,233475,3749,11514,2033
20210102,AR,231442,3729,11487,2000
20210101,AR,229442,3711,11450,4304
20201231,AR,225138,3676,11358,2708
20201230,AR,222430,3637,11271,3184
20201229,AR,219246,3603,11168,2718
20201228,AR,216528,3537,11062,1651
20201227,AR,214877,3482,11009,908
20201226,AR,213969,3441,10956,702
20201225,AR,213267,3438,10927,2122
20201224,AR,211145,3406,10879,3204
20201223,AR,207941,3376,10826,2893
20201222,AR,205048,3338,10651,1941
20201221,AR,203107,3295,10570,1457
20201220,AR,201650,3237,10502,1536
20201219,AR,200114,3191,10487,2693
20201218,AR,197421,3139,10430,2878
20201217,AR,194543,3112,10357,3039
20201216,AR,191504,3074,10230,2306
20201215,AR,189198,3016,10096,1691
20201214,AR,187507,2990,9991,1805
20201213,AR,185702,2945,9927,1450
20201212,AR,184252,2911,9911,2628
20201211,AR,181624,2875,9848,2770
20201210,AR,178854,2820,9709,2202
20201209,AR,176652,2786,9675,2327
20201208,AR,174325,2752,9577,2283
20201207,AR,172042,2713,9445,1118
20201206,AR,170924,2660,9401,1542
20201205,AR,169382,2620,9380,2245
20201204,AR,167137,2586,9329,2827
20201203,AR,164310,2555,9206,2789
20201202,AR,161521,2522,9110,2212
20201201,AR,159309,2512,9021,1950
20201130,AR,157359,2502,8937,1112
20201129,AR,156247,2470,8843,1221
20201128,AR,155026,2449,8819,1349
20201127,AR,153677,2436,8779,1052
20201126,AR,152625,2436,8711,2348
20201125,AR,150277,2425,8711,1965
20201124,AR,148312,2405,8620,2122
20201123,AR,146190,2387,8523,1017
20201122,AR,145173,2357,8472,1352
20201121,AR,143821,2337,8415,1905
20201120,AR,141916,2321,8353,2061
20201119,AR,139855,2297,8268,2238
20201118,AR,137617,2275,8139,1715
20201117,AR,135902,2245,8050,1554
20201116,AR,134348,2225,7949,1308
20201115,AR,133040,2183,7876,2722
20201114,AR,130318,2148,7847,0
20201113,AR,130318,2148,7817,2312
20201112,AR,128006,2144,7715,1809
20201111,AR,126197,2126,7635,1962
20201110,AR,124235,2112,7579,1424
20201109,AR,122811,2108,7496,945
20201108,AR,121866,2085,7434,1038
20201107,AR,120828,2068,7415,1598
20201106,AR,119230,2056,7401,1870
20201105,AR,117360,2037,7326,1548
20201104,AR,115812,2026,7273,1293
20201103,AR,114519,2003,7194,878
20201102,AR,113641,1985,7110,1451
20201101,AR,112190,1925,7055,0
20201031,AR,112190,1925,7038,1316
20201030,AR,110874,1900,7003,1162
20201029,AR,109712,1894,6967,1072
20201028,AR,108640,1875,6920,961
20201027,AR,107679,1857,6841,952
20201026,AR,106727,1833,6768,612
20201025,AR,106115,1812,6718,797
20201024,AR,105318,1797,6707,1183
20201023,AR,104135,1782,6678,1337
20201022,AR,102798,1772,6526,1202
20201021,AR,101596,1751,6526,1155
20201020,AR,100441,1728,6428,844
20201019,AR,99597,1714,6361,531
20201018,AR,99066,1704,6315,644
20201017,AR,98422,1684,6278,883
20201016,AR,97539,1665,6243,1015
20201015,AR,96524,1645,6199,1278
20201014,AR,95246,1634,6148,1079
20201013,AR,94167,1611,6069,680
20201012,AR,93487,1586,5960,654
20201011,AR,92833,1569,5910,613
20201010,AR,92220,1552,5900,2075
20201009,AR,90145,1503,5805,0
20201008,AR,90145,1503,5805,1265
20201007,AR,88880,1482,5740,809
20201006,AR,88071,1447,5658,641
20201005,AR,87430,1447,5586,417
20201004,AR,87013,1425,5550,488
20201003,AR,86525,1407,5527,746
20201002,AR,85779,1391,5488,958
20201001,AR,84821,1384,5445,1124
20200930,AR,83697,1369,5354,942
20200929,AR,82755,1350,5354,706
20200928,AR,82049,1329,5248,807
20200927,AR,81242,1308,5235,487
20200926,AR,80755,1285,5202,809
20200925,AR,79946,1266,5202,897
20200924,AR,79049,1246,5160,1086
20200923,AR,77963,1229,5098,982
20200922,AR,76981,1209,5055,617
20200921,AR,76364,1197,4986,641
20200920,AR,75723,1181,4967,563
20200919,AR,75160,1173,4963,1078
20200918,AR,74082,1173,4932,871
20200917,AR,73211,1166,4896,992
20200916,AR,72219,1157,4840,862
20200915,AR,71357,1010,4802,730
20200914,AR,70627,992,4736,408
20200913,AR,70219,981,4719,509
20200912,AR,69710,969,4678,727
20200911,AR,68983,953,4678,1180
20200910,AR,67803,940,4606,548
20200909,AR,67255,928,4574,498
20200908,AR,66757,917,4524,477
20200907,AR,66280,908,4486,1054
20200906,AR,65226,894,4462,0
20200905,AR,65226,882,4456,548
20200904,AR,64678,873,4422,1174
20200903,AR,63504,861,4386,1392
20200902,AR,62112,841,4341,615
20200901,AR,61497,814,4306,273
20200831,AR,61224,797,4213,368
20200830,AR,60856,784,4182,478
20200829,AR,60378,772,4142,795
20200828,AR,59583,756,4142,838
20200827,AR,58745,739,4104,722
20200826,AR,58023,732,4061,649
20200825,AR,57374,711,4013,480
20200824,AR,56894,696,3962,320
20200823,AR,56574,687,3920,375
20200822,AR,56199,674,3908,547
20200821,AR,55652,663,3856,887
20200820,AR,54765,641,3790,549
20200819,AR,54216,631,3743,729
20200818,AR,53487,619,3695,410
20200817,AR,53077,603,3621,412
20200816,AR,52665,599,3570,673
20200815,AR,51992,600,3562,-400
20200814,AR,52392,587,3566,626
20200813,AR,51766,582,3566,652
20200812,AR,51114,566,3472,703
20200811,AR,50411,566,3401,383
20200810,AR,50028,555,3336,645
20200809,AR,49383,544,3284,1344
20200808,AR,48039,521,3223,0
20200807,AR,48039,521,3168,1011
20200806,AR,47028,515,3118,735
20200805,AR,46293,508,3118,912
20200804,AR,45381,490,3054,784
20200803,AR,44597,475,2966,1424
20200802,AR,43173,458,2894,0
20200801,AR,43173,460,2852,662
20200731,AR,42511,453,2852,752
20200730,AR,41759,442,2747,791
20200729,AR,40968,434,2747,787
20200728,AR,40181,428,2686,734
20200727,AR,39447,408,2624,824
20200726,AR,38623,401,2542,1374
20200725,AR,37249,394,2361,0
20200724,AR,37249,394,2361,990
20200723,AR,36259,386,2361,1013
20200722,AR,35246,380,2317,591
20200721,AR,34655,374,2257,728
20200720,AR,33927,357,2202,1394
20200719,AR,32533,357,2177,771
20200718,AR,31762,353,2135,0
20200717,AR,31762,353,2070,648
20200716,AR,31114,341,1994,817
20200715,AR,30297,335,1948,564
20200714,AR,29733,331,1872,794
20200713,AR,28939,323,1836,572
20200712,AR,28367,321,1822,1564
20200711,AR,26803,313,1780,0
20200710,AR,26803,313,1743,751
20200709,AR,26052,309,1705,1540
20200708,AR,24512,301,1655,0
20200707,AR,24512,292,1604,259
20200706,AR,24253,292,1575,1044
20200705,AR,23209,286,1536,0
20200704,AR,23209,286,1536,587
20200703,AR,22622,281,1517,547
20200702,AR,22075,279,1477,878
20200701,AR,21197,277,1448,420
20200630,AR,20777,270,1413,520
20200629,AR,20257,265,1380,947
20200628,AR,19310,259,1373,570
20200627,AR,18740,249,1337,678
20200626,AR,18062,240,1300,0
20200625,AR,18062,240,1245,687
20200624,AR,17375,240,1214,697
20200623,AR,16678,237,1188,595
20200622,AR,16083,227,1164,941
20200621,AR,15142,224,1152,0
20200620,AR,15142,224,1100,511
20200619,AR,14631,214,1100,703
20200618,AR,13928,208,1074,322
20200617,AR,13606,197,1052,415
20200616,AR,13191,182,1026,274
20200615,AR,12917,182,1003,416
20200614,AR,12501,179,998,954
20200613,AR,11547,176,979,0
20200612,AR,11547,176,961,731
20200611,AR,10816,171,925,448
20200610,AR,10368,165,901,288
20200609,AR,10080,161,865,340
20200608,AR,9740,155,844,314
20200607,AR,9426,154,844,325
20200606,AR,9101,154,838,450
20200605,AR,8651,152,792,584
20200604,AR,8067,142,757,0
20200603,AR,8067,142,731,624
20200602,AR,7443,133,718,0
20200601,AR,7443,133,711,190
20200531,AR,7253,133,711,240
20200530,AR,7013,133,702,475
20200529,AR,6538,125,667,0
20200528,AR,6538,120,640,261
20200527,AR,6277,120,627,97
20200526,AR,6180,119,617,151
20200525,AR,6029,117,605,107
20200524,AR,5922,116,598,310
20200523,AR,5612,113,590,0
20200522,AR,5612,113,584,154
20200521,AR,5458,110,535,455
20200520,AR,5003,107,535,80
20200519,AR,4923,102,535,110
20200518,AR,4813,100,530,54
20200517,AR,4759,98,520,181
20200516,AR,4578,98,520,115
20200515,AR,4463,98,520,227
20200514,AR,4236,97,509,72
20200513,AR,4164,95,497,0
20200512,AR,4164,95,485,130
20200511,AR,4034,94,480,287
20200510,AR,3747,88,471,0
20200509,AR,3747,88,471,53
20200508,AR,3694,88,466,83
20200507,AR,3611,87,462,43
20200506,AR,3568,85,453,72
20200505,AR,3496,83,453,38
20200504,AR,3458,81,438,27
20200503,AR,3431,76,427,59
20200502,AR,3372,73,414,51
20200501,AR,3321,64,414,66
20200430,AR,3255,61,402,63
20200429,AR,3192,59,389,81
20200428,AR,3111,52,291,94
20200427,AR,3017,50,291,76
20200426,AR,2941,49,291,112
20200425,AR,2829,47,291,88
20200424,AR,2741,45,291,276
20200423,AR,2465,45,291,189
20200422,AR,2276,42,291,49
20200421,AR,2227,43,291,304
20200420,AR,1923,42,291,142
20200419,AR,1781,40,291,42
20200418,AR,1739,38,291,44
20200417,AR,1695,37,130,75
20200416,AR,1620,37,130,51
20200415,AR,1569,33,130,89
20200414,AR,1480,30,130,70
20200413,AR,1410,30,130,130
20200412,AR,1280,27,130,54
20200411,AR,1226,24,130,55
20200410,AR,1171,23,130,52
20200409,AR,1119,21,130,119
20200408,AR,1000,18,130,54
20200407,AR,946,16,148,71
20200406,AR,875,16,137,45
20200405,AR,830,16,130,87
20200404,AR,743,14,106,39
20200403,AR,704,12,105,61
20200402,AR,643,12,100,59
20200401,AR,584,10,90,61
20200331,AR,523,8,0,50
20200330,AR,473,7,0,47
20200329,AR,426,6,0,22
20200328,AR,404,5,0,23
20200327,AR,381,3,0,46
20200326,AR,335,3,0,55
20200325,AR,280,2,0,62
20200324,AR,218,0,0,44
20200323,AR,174,0,0,9
20200322,AR,165,0,0,47
20200321,AR,118,0,0,22
20200320,AR,96,0,0,50
20200319,AR,46,0,0,13
20200318,AR,33,0,0,11
20200317,AR,22,0,0,0
20200316,AR,22,0,0,6
20200315,AR,16,0,0,4
20200314,AR,12,0,0,3
20200313,AR,9,0,0,3
20200312,AR,6,0,0,6
20200311,AR,0,0,0,0
20200310,AR,0,0,0,0
20200309,AR,0,0,0,0
20200308,AR,0,0,0,0
20200307,AR,0,0,0,0
20200306,AR,0,0,0,0
