date,state,positive,death,hospitalized,positiveIncrease
20210202,KS,276668,3809,8489,0
20210201,KS,276668,3809,8489,1983
20210131,KS,274685,3779,8417,0
20210130,KS,274685,3779,8417,0
20210129,KS,274685,3779,8417,2168
20210128,KS,272517,3718,8268,0
20210127,KS,272517,3718,8268,3262
20210126,KS,269255,3622,8117,0
20210125,KS,269255,3622,8117,2602
20210124,KS,266653,3598,8041,0
20210123,KS,266653,3598,8041,0
20210122,KS,266653,3598,8041,3241
20210121,KS,263412,3575,7930,0
20210120,KS,263412,3575,7930,3590
20210119,KS,259822,3525,7807,0
20210118,KS,259822,3525,7807,3688
20210117,KS,256134,3502,7713,0
20210116,KS,256134,3502,7713,0
20210115,KS,256134,3502,7713,4093
20210114,KS,252041,3355,7540,0
20210113,KS,252041,3355,7540,4539
20210112,KS,247502,3255,7351,0
20210111,KS,247502,3255,7351,5180
20210110,KS,242322,3148,7257,0
20210109,KS,242322,3148,7257,0
20210108,KS,242322,3148,7257,5504
20210107,KS,236818,3027,7113,0
20210106,KS,236818,3027,7113,5501
20210105,KS,231317,2897,6955,0
20210104,KS,231317,2897,6955,3572
20210103,KS,227745,2879,6903,0
20210102,KS,227745,2879,6903,0
20210101,KS,227745,2879,6903,5312
20201231,KS,222433,2741,6760,0
20201230,KS,222433,2741,6760,6371
20201229,KS,216062,2548,6568,0
20201228,KS,216062,2548,6568,6373
20201227,KS,209689,2507,6424,0
20201226,KS,209689,2507,6424,0
20201225,KS,209689,2507,6424,0
20201224,KS,209689,2507,6424,0
20201223,KS,209689,2507,6424,5089
20201222,KS,204600,2448,6267,0
20201221,KS,204600,2448,6267,4174
20201220,KS,200426,2341,6175,0
20201219,KS,200426,2341,6175,0
20201218,KS,200426,2341,6175,5857
20201217,KS,194569,2253,6050,0
20201216,KS,194569,2253,6050,4551
20201215,KS,190018,2109,5895,0
20201214,KS,190018,2109,5895,4724
20201213,KS,185294,2072,5800,0
20201212,KS,185294,2072,5800,0
20201211,KS,185294,2072,5800,5491
20201210,KS,179803,1941,5654,0
20201209,KS,179803,1941,5654,5778
20201208,KS,174025,1856,5509,0
20201207,KS,174025,1856,5509,5730
20201206,KS,168295,1786,5417,0
20201205,KS,168295,1786,5417,0
20201204,KS,168295,1786,5417,6234
20201203,KS,162061,1679,5290,0
20201202,KS,162061,1679,5290,4615
20201201,KS,157446,1560,5105,0
20201130,KS,157446,1560,5105,4425
20201129,KS,153021,1529,5018,0
20201128,KS,153021,1529,5018,0
20201127,KS,153021,1529,5018,5224
20201126,KS,147797,1503,4921,0
20201125,KS,147797,1503,4921,5738
20201124,KS,142059,1456,4777,0
20201123,KS,142059,1456,4777,7526
20201122,KS,134533,1410,4682,0
20201121,KS,134533,1410,4682,0
20201120,KS,134533,1410,4682,5939
20201119,KS,128594,1326,4561,0
20201118,KS,128594,1326,4561,5853
20201117,KS,122741,1266,4431,0
20201116,KS,122741,1266,4431,7234
20201115,KS,115507,1256,4327,0
20201114,KS,115507,1256,4327,0
20201113,KS,115507,1256,4327,6282
20201112,KS,109225,1215,4252,0
20201111,KS,109225,1215,4252,5672
20201110,KS,103553,1181,4138,0
20201109,KS,103553,1181,4138,5920
20201108,KS,97633,1166,4067,0
20201107,KS,97633,1166,4067,0
20201106,KS,97633,1166,4067,5418
20201105,KS,92215,1087,3984,0
20201104,KS,92215,1087,3984,2988
20201103,KS,89227,1046,3893,0
20201102,KS,89227,1046,3893,4046
20201101,KS,85181,1029,3832,0
20201031,KS,85181,1029,3832,0
20201030,KS,85181,1029,3832,3136
20201029,KS,82045,1007,3752,0
20201028,KS,82045,1007,3752,3369
20201027,KS,78676,976,3646,0
20201026,KS,78676,976,3646,2446
20201025,KS,76230,975,3584,0
20201024,KS,76230,975,3584,0
20201023,KS,76230,975,3584,1774
20201022,KS,74456,952,3506,0
20201021,KS,74456,952,3506,1488
20201020,KS,72968,872,3421,0
20201019,KS,72968,872,3421,2113
20201018,KS,70855,859,3370,0
20201017,KS,70855,859,3370,0
20201016,KS,70855,859,3370,1700
20201015,KS,69155,838,3309,0
20201014,KS,69155,838,3309,1293
20201013,KS,67862,771,3239,0
20201012,KS,67862,771,3239,2055
20201011,KS,65807,763,3185,0
20201010,KS,65807,763,3185,0
20201009,KS,65807,763,3185,1855
20201008,KS,63952,723,3121,0
20201007,KS,63952,723,3121,1244
20201006,KS,62708,706,3036,0
20201005,KS,62708,706,3036,1597
20201004,KS,61111,698,2983,0
20201003,KS,61111,698,2983,0
20201002,KS,61111,698,2983,1362
20201001,KS,59749,678,2917,0
20200930,KS,59749,678,2917,1120
20200929,KS,58629,637,2852,0
20200928,KS,58629,637,2852,2037
20200927,KS,56592,632,2816,0
20200926,KS,56592,632,2816,0
20200925,KS,56592,632,2816,1366
20200924,KS,55226,621,2766,0
20200923,KS,55226,621,2766,1267
20200922,KS,53959,600,2706,0
20200921,KS,53959,600,2706,1674
20200920,KS,52285,596,2671,0
20200919,KS,52285,596,2671,0
20200918,KS,52285,596,2671,1415
20200917,KS,50870,586,2616,0
20200916,KS,50870,586,2616,971
20200915,KS,49899,534,2572,0
20200914,KS,49899,534,2572,1513
20200913,KS,48386,511,2537,0
20200912,KS,48386,511,2537,0
20200911,KS,48386,511,2537,976
20200910,KS,47410,495,2470,0
20200909,KS,47410,495,2470,496
20200908,KS,46914,485,2441,0
20200907,KS,46914,485,2441,1694
20200906,KS,45220,481,2415,0
20200905,KS,45220,481,2415,0
20200904,KS,45220,481,2415,1280
20200903,KS,43940,458,2361,0
20200902,KS,43940,458,2361,1328
20200901,KS,42612,446,2304,0
20200831,KS,42612,446,2304,1564
20200830,KS,41048,443,2278,0
20200829,KS,41048,443,2278,0
20200828,KS,41048,443,2278,1111
20200827,KS,39937,437,2226,0
20200826,KS,39937,437,2226,1536
20200825,KS,38401,426,2183,0
20200824,KS,38401,426,2183,1545
20200823,KS,36856,419,2159,0
20200822,KS,36856,419,2159,0
20200821,KS,36856,419,2159,966
20200820,KS,35890,411,2090,0
20200819,KS,35890,411,2090,723
20200818,KS,35167,405,2034,0
20200817,KS,35167,405,2034,1282
20200816,KS,33885,402,2020,0
20200815,KS,33885,402,2020,0
20200814,KS,33885,402,2020,1338
20200813,KS,32547,395,1975,0
20200812,KS,32547,395,1975,817
20200811,KS,31730,387,1911,0
20200810,KS,31730,387,1911,1092
20200809,KS,30638,380,1875,0
20200808,KS,30638,380,1875,0
20200807,KS,30638,380,1875,921
20200806,KS,29717,368,1821,0
20200805,KS,29717,368,1821,841
20200804,KS,28876,365,1782,0
20200803,KS,28876,365,1782,1064
20200802,KS,27812,358,1751,0
20200801,KS,27812,358,1751,0
20200731,KS,27812,358,1751,942
20200730,KS,26870,349,1700,0
20200729,KS,26870,349,1700,698
20200728,KS,26172,335,1644,0
20200727,KS,26172,335,1644,1063
20200726,KS,25109,326,1596,0
20200725,KS,25109,326,1596,0
20200724,KS,25109,326,1596,1005
20200723,KS,24104,308,1545,0
20200722,KS,24104,308,1545,770
20200721,KS,23334,307,1497,0
20200720,KS,23334,307,1497,1369
20200719,KS,21965,299,1453,0
20200718,KS,21965,299,1453,0
20200717,KS,21965,299,1453,1032
20200716,KS,20933,299,1393,0
20200715,KS,20933,299,1393,875
20200714,KS,20058,288,1343,0
20200713,KS,20058,288,1343,1447
20200712,KS,18611,284,1304,0
20200711,KS,18611,284,1304,0
20200710,KS,18611,284,1304,993
20200709,KS,17618,282,1269,0
20200708,KS,17618,282,1269,717
20200707,KS,16901,280,1235,0
20200706,KS,16901,280,1235,982
20200705,KS,15919,277,1219,0
20200704,KS,15919,277,1219,0
20200703,KS,15919,277,1219,929
20200702,KS,14990,272,1195,0
20200701,KS,14990,272,1152,547
20200630,KS,14443,270,1152,0
20200629,KS,14443,270,1152,905
20200628,KS,13538,264,1128,0
20200627,KS,13538,264,1128,0
20200626,KS,13538,264,1128,568
20200625,KS,12970,261,1082,0
20200624,KS,12970,261,1082,505
20200623,KS,12465,259,1056,0
20200622,KS,12465,259,1056,406
20200621,KS,12059,254,1035,0
20200620,KS,12059,254,1035,0
20200619,KS,12059,254,1035,378
20200618,KS,11681,247,1011,0
20200617,KS,11681,247,1011,262
20200616,KS,11419,245,988,0
20200615,KS,11419,245,988,372
20200614,KS,11047,243,973,0
20200613,KS,11047,243,973,0
20200612,KS,11047,243,973,235
20200611,KS,10812,240,954,0
20200610,KS,10812,240,954,162
20200609,KS,10650,236,936,0
20200608,KS,10650,236,936,257
20200607,KS,10393,232,917,0
20200606,KS,10393,232,917,0
20200605,KS,10393,232,917,223
20200604,KS,10170,222,890,0
20200603,KS,10170,222,890,159
20200602,KS,10011,217,862,0
20200601,KS,10011,217,842,292
20200531,KS,9719,208,842,0
20200530,KS,9719,208,842,0
20200529,KS,9719,208,842,382
20200528,KS,9337,205,822,0
20200527,KS,9337,205,822,119
20200526,KS,9218,188,800,0
20200525,KS,9218,188,800,260
20200524,KS,8958,185,787,0
20200523,KS,8958,185,787,0
20200522,KS,8958,185,787,419
20200521,KS,8539,178,760,0
20200520,KS,8539,178,760,199
20200519,KS,8340,173,740,0
20200518,KS,8340,173,740,454
20200517,KS,7886,172,724,0
20200516,KS,7886,172,724,0
20200515,KS,7886,172,724,418
20200514,KS,7468,164,704,0
20200513,KS,7468,164,704,352
20200512,KS,7116,158,660,0
20200511,KS,7116,158,660,168
20200510,KS,6948,157,657,197
20200509,KS,6751,157,635,250
20200508,KS,6501,152,608,357
20200507,KS,6144,147,587,410
20200506,KS,5734,144,571,276
20200505,KS,5458,137,566,213
20200504,KS,5245,136,553,215
20200503,KS,5030,134,547,284
20200502,KS,4746,131,541,297
20200501,KS,4449,130,534,211
20200430,KS,4238,129,523,500
20200429,KS,3738,125,515,247
20200428,KS,3491,124,504,163
20200427,KS,3328,120,496,154
20200426,KS,3174,118,485,118
20200425,KS,3056,117,474,279
20200424,KS,2777,111,457,295
20200423,KS,2482,112,442,271
20200422,KS,2211,110,432,186
20200421,KS,2025,107,419,39
20200420,KS,1986,100,405,137
20200419,KS,1849,92,390,59
20200418,KS,1790,86,383,85
20200417,KS,1705,84,375,117
20200416,KS,1588,80,359,94
20200415,KS,1494,76,342,68
20200414,KS,1426,69,327,50
20200413,KS,1376,62,309,39
20200412,KS,1337,56,298,69
20200411,KS,1268,55,293,102
20200410,KS,1166,50,274,60
20200409,KS,1106,42,263,60
20200408,KS,1046,38,223,146
20200407,KS,900,27,223,55
20200406,KS,845,25,198,98
20200405,KS,747,22,183,49
20200404,KS,698,21,172,78
20200403,KS,620,17,151,68
20200402,KS,552,13,138,70
20200401,KS,482,10,114,54
20200331,KS,428,9,79,60
20200330,KS,368,8,66,49
20200329,KS,319,6,55,58
20200328,KS,261,5,27,59
20200327,KS,202,4,27,34
20200326,KS,168,3,0,42
20200325,KS,126,3,0,28
20200324,KS,98,2,0,16
20200323,KS,82,2,0,18
20200322,KS,64,2,0,9
20200321,KS,55,2,0,11
20200320,KS,44,1,0,10
20200319,KS,34,1,0,18
20200318,KS,16,1,0,1
20200317,KS,15,1,0,4
20200316,KS,11,1,0,3
20200315,KS,8,1,0,2
20200314,KS,6,1,0,0
20200313,KS,6,0,0,2
20200312,KS,4,0,0,3
20200311,KS,1,0,0,0
20200310,KS,1,0,0,0
20200309,KS,1,0,0,0
20200308,KS,1,0,0,1
20200307,KS,0,0,0,0
20200306,KS,0,0,0,0
