date,state,positive,death,hospitalized,positiveIncrease
20210202,ME,39960,618,1403,417
20210201,ME,39543,595,1394,219
20210131,ME,39324,590,1390,156
20210130,ME,39168,590,1386,355
20210129,ME,38813,570,1381,359
20210128,ME,38454,567,1375,284
20210127,ME,38170,562,1366,462
20210126,ME,37708,558,1357,662
20210125,ME,37046,547,1342,448
20210124,ME,36598,544,1322,0
20210123,ME,36598,544,1322,324
20210122,ME,36274,540,1309,636
20210121,ME,35638,536,1294,675
20210120,ME,34963,530,1287,701
20210119,ME,34262,519,1269,386
20210118,ME,33876,514,1254,317
20210117,ME,33559,511,1244,340
20210116,ME,33219,507,1242,438
20210115,ME,32781,477,1228,823
20210114,ME,31958,461,1217,808
20210113,ME,31150,453,1201,824
20210112,ME,30326,449,1189,715
20210111,ME,29611,438,1171,313
20210110,ME,29298,432,1158,279
20210109,ME,29019,432,1158,612
20210108,ME,28407,426,1150,782
20210107,ME,27625,385,1135,535
20210106,ME,27090,372,1124,525
20210105,ME,26565,369,1117,597
20210104,ME,25968,360,1107,376
20210103,ME,25592,359,1099,347
20210102,ME,25245,358,1091,1044
20210101,ME,24201,347,1065,0
20201231,ME,24201,347,1065,702
20201230,ME,23499,334,1039,590
20201229,ME,22909,333,1041,590
20201228,ME,22319,326,1032,439
20201227,ME,21880,323,1024,333
20201226,ME,21547,319,1020,0
20201225,ME,21547,319,1020,321
20201224,ME,21226,317,1015,735
20201223,ME,20491,311,1000,748
20201222,ME,19743,303,985,458
20201221,ME,19285,293,980,339
20201220,ME,18946,292,979,207
20201219,ME,18739,292,971,402
20201218,ME,18337,281,965,436
20201217,ME,17901,276,958,590
20201216,ME,17311,267,934,551
20201215,ME,16760,265,909,411
20201214,ME,16349,259,893,426
20201213,ME,15923,257,878,303
20201212,ME,15620,257,871,414
20201211,ME,15206,250,855,345
20201210,ME,14861,246,834,407
20201209,ME,14454,246,819,405
20201208,ME,14049,239,803,274
20201207,ME,13775,227,781,427
20201206,ME,13348,227,768,221
20201205,ME,13127,227,760,283
20201204,ME,12844,224,751,290
20201203,ME,12554,220,740,346
20201202,ME,12208,218,725,232
20201201,ME,11976,214,709,219
20201130,ME,11757,194,699,249
20201129,ME,11508,191,692,220
20201128,ME,11288,191,689,23
20201127,ME,11265,190,687,0
20201126,ME,11265,190,687,238
20201125,ME,11027,190,678,228
20201124,ME,10799,189,662,255
20201123,ME,10544,177,647,185
20201122,ME,10359,176,642,236
20201121,ME,10123,174,636,165
20201120,ME,9958,173,628,224
20201119,ME,9734,171,613,215
20201118,ME,9519,170,600,156
20201117,ME,9363,166,589,246
20201116,ME,9117,165,577,173
20201115,ME,8944,165,574,153
20201114,ME,8791,163,572,152
20201113,ME,8639,162,566,244
20201112,ME,8395,159,553,193
20201111,ME,8202,158,545,142
20201110,ME,8060,156,538,172
20201109,ME,7888,153,532,195
20201108,ME,7693,152,525,90
20201107,ME,7603,152,523,159
20201106,ME,7444,150,513,184
20201105,ME,7260,150,510,183
20201104,ME,7077,150,507,151
20201103,ME,6926,148,502,127
20201102,ME,6799,148,495,84
20201101,ME,6715,147,488,47
20201031,ME,6668,147,486,98
20201030,ME,6570,146,486,103
20201029,ME,6467,146,483,80
20201028,ME,6387,146,484,76
20201027,ME,6311,146,479,57
20201026,ME,6254,146,477,53
20201025,ME,6201,146,475,64
20201024,ME,6137,146,473,42
20201023,ME,6095,146,473,31
20201022,ME,6064,146,473,37
20201021,ME,6027,146,470,38
20201020,ME,5989,146,469,27
20201019,ME,5962,146,469,23
20201018,ME,5939,146,468,26
20201017,ME,5913,146,467,48
20201016,ME,5865,145,466,29
20201015,ME,5836,144,464,20
20201014,ME,5816,143,463,36
20201013,ME,5780,143,463,28
20201012,ME,5752,143,463,29
20201011,ME,5723,143,463,27
20201010,ME,5696,143,462,30
20201009,ME,5666,143,460,27
20201008,ME,5639,142,459,35
20201007,ME,5604,142,459,39
20201006,ME,5565,142,457,20
20201005,ME,5545,142,454,26
20201004,ME,5519,142,454,33
20201003,ME,5486,142,454,18
20201002,ME,5468,142,452,37
20201001,ME,5431,142,451,40
20200930,ME,5391,141,449,54
20200929,ME,5337,141,447,37
20200928,ME,5300,140,446,12
20200927,ME,5288,140,445,28
20200926,ME,5260,140,443,25
20200925,ME,5235,140,442,20
20200924,ME,5215,140,442,44
20200923,ME,5171,140,441,25
20200922,ME,5146,140,442,40
20200921,ME,5106,140,440,27
20200920,ME,5079,139,439,44
20200919,ME,5035,139,439,30
20200918,ME,5005,138,437,43
20200917,ME,4962,138,436,21
20200916,ME,4941,138,433,23
20200915,ME,4918,137,432,15
20200914,ME,4903,136,431,40
20200913,ME,4863,136,431,29
20200912,ME,4834,135,431,42
20200911,ME,4792,134,432,32
20200910,ME,4760,134,431,26
20200909,ME,4734,134,429,21
20200908,ME,4713,134,429,12
20200907,ME,4701,134,427,19
20200906,ME,4682,134,424,15
20200905,ME,4667,134,424,35
20200904,ME,4632,134,423,15
20200903,ME,4617,133,424,50
20200902,ME,4567,133,423,19
20200901,ME,4548,132,421,22
20200831,ME,4526,132,420,14
20200830,ME,4512,132,420,23
20200829,ME,4489,132,418,53
20200828,ME,4436,132,417,22
20200827,ME,4414,132,415,25
20200826,ME,4389,132,412,21
20200825,ME,4368,131,410,12
20200824,ME,4356,131,409,21
20200823,ME,4335,131,408,18
20200822,ME,4317,130,407,32
20200821,ME,4285,129,407,32
20200820,ME,4253,128,405,19
20200819,ME,4234,127,403,21
20200818,ME,4213,127,401,16
20200817,ME,4197,127,399,29
20200816,ME,4168,127,400,24
20200815,ME,4144,127,399,29
20200814,ME,4115,126,399,26
20200813,ME,4089,126,395,19
20200812,ME,4070,126,394,20
20200811,ME,4050,126,394,1
20200810,ME,4049,125,393,7
20200809,ME,4042,125,393,16
20200808,ME,4026,125,393,12
20200807,ME,4014,124,393,17
20200806,ME,3997,124,390,5
20200805,ME,3992,124,390,17
20200804,ME,3975,123,388,5
20200803,ME,3970,124,389,12
20200802,ME,3958,123,388,21
20200801,ME,3937,123,388,25
20200731,ME,3912,123,388,24
20200730,ME,3888,122,386,22
20200729,ME,3866,121,385,28
20200728,ME,3838,121,384,6
20200727,ME,3832,119,383,18
20200726,ME,3814,119,381,24
20200725,ME,3790,119,379,33
20200724,ME,3757,118,378,20
20200723,ME,3737,118,378,14
20200722,ME,3723,118,377,0
20200721,ME,3723,118,377,12
20200720,ME,3711,117,375,24
20200719,ME,3687,117,375,41
20200718,ME,3646,117,375,10
20200717,ME,3636,115,375,38
20200716,ME,3598,114,374,20
20200715,ME,3578,114,373,12
20200714,ME,3566,114,373,8
20200713,ME,3558,114,372,19
20200712,ME,3539,114,371,19
20200711,ME,3520,112,368,21
20200710,ME,3499,111,366,13
20200709,ME,3486,111,365,26
20200708,ME,3460,110,363,20
20200707,ME,3440,110,360,17
20200706,ME,3423,109,359,8
20200705,ME,3415,109,359,18
20200704,ME,3397,107,358,24
20200703,ME,3373,105,358,45
20200702,ME,3328,105,354,34
20200701,ME,3294,105,351,41
20200630,ME,3253,105,348,34
20200629,ME,3219,105,347,28
20200628,ME,3191,104,346,37
20200627,ME,3154,104,345,52
20200626,ME,3102,103,343,32
20200625,ME,3070,103,343,53
20200624,ME,3017,103,339,23
20200623,ME,2994,102,339,23
20200622,ME,2971,102,336,14
20200621,ME,2957,102,336,19
20200620,ME,2938,102,333,25
20200619,ME,2913,102,328,35
20200618,ME,2878,102,323,42
20200617,ME,2836,102,323,17
20200616,ME,2819,101,321,9
20200615,ME,2810,101,317,17
20200614,ME,2793,100,314,36
20200613,ME,2757,100,313,36
20200612,ME,2721,100,308,54
20200611,ME,2667,100,308,30
20200610,ME,2637,100,303,31
20200609,ME,2606,100,302,18
20200608,ME,2588,99,301,18
20200607,ME,2570,99,298,46
20200606,ME,2524,98,296,42
20200605,ME,2482,98,293,36
20200604,ME,2446,95,291,28
20200603,ME,2418,95,285,41
20200602,ME,2377,94,287,28
20200601,ME,2349,89,284,24
20200531,ME,2325,89,283,43
20200530,ME,2282,89,272,56
20200529,ME,2226,85,270,37
20200528,ME,2189,84,264,52
20200527,ME,2137,81,260,28
20200526,ME,2109,79,258,35
20200525,ME,2074,78,257,19
20200524,ME,2055,78,252,42
20200523,ME,2013,77,243,65
20200522,ME,1948,75,240,71
20200521,ME,1877,73,235,58
20200520,ME,1819,73,231,78
20200519,ME,1741,73,225,28
20200518,ME,1713,71,223,26
20200517,ME,1687,70,216,39
20200516,ME,1648,70,214,45
20200515,ME,1603,69,211,38
20200514,ME,1565,69,207,50
20200513,ME,1515,66,204,38
20200512,ME,1477,65,202,15
20200511,ME,1462,65,200,26
20200510,ME,1436,64,199,28
20200509,ME,1408,64,198,34
20200508,ME,1374,63,194,44
20200507,ME,1330,62,192,76
20200506,ME,1254,62,191,28
20200505,ME,1226,61,187,21
20200504,ME,1205,57,186,20
20200503,ME,1185,57,183,33
20200502,ME,1152,56,181,29
20200501,ME,1123,55,177,28
20200430,ME,1095,53,170,39
20200429,ME,1056,52,166,16
20200428,ME,1040,51,163,17
20200427,ME,1023,51,161,8
20200426,ME,1015,50,159,25
20200425,ME,990,50,156,25
20200424,ME,965,47,152,28
20200423,ME,937,44,150,30
20200422,ME,907,39,144,19
20200421,ME,888,36,139,13
20200420,ME,875,35,138,8
20200419,ME,867,34,136,20
20200418,ME,847,32,136,20
20200417,ME,827,29,133,31
20200416,ME,796,27,130,26
20200415,ME,770,24,126,36
20200414,ME,734,20,124,36
20200413,ME,698,19,124,65
20200412,ME,633,19,120,17
20200411,ME,616,19,114,30
20200410,ME,586,17,111,26
20200409,ME,560,16,105,23
20200408,ME,537,14,101,18
20200407,ME,519,12,99,20
20200406,ME,499,10,92,29
20200405,ME,470,10,86,14
20200404,ME,456,10,83,24
20200403,ME,432,9,75,56
20200402,ME,376,7,68,32
20200401,ME,344,7,63,41
20200331,ME,303,5,57,28
20200330,ME,275,3,49,22
20200329,ME,253,3,0,42
20200328,ME,211,1,0,43
20200327,ME,168,1,0,13
20200326,ME,155,0,0,6
20200325,ME,149,0,0,24
20200324,ME,125,0,0,18
20200323,ME,107,0,0,18
20200322,ME,89,0,0,16
20200321,ME,73,0,0,16
20200320,ME,57,0,0,4
20200319,ME,53,0,0,10
20200318,ME,43,0,0,11
20200317,ME,32,0,0,15
20200316,ME,17,0,0,14
20200315,ME,3,0,0,0
20200314,ME,3,0,0,0
20200313,ME,3,0,0,2
20200312,ME,1,0,0,1
20200311,ME,0,0,0,0
20200310,ME,0,0,0,0
20200309,ME,0,0,0,0
20200308,ME,0,0,0,0
20200307,ME,0,0,0,0
