date,state,positive,death,hospitalized,positiveIncrease
20210202,NV,279957,4324,0,811
20210201,NV,279146,4278,0,838
20210131,NV,278308,4270,0,959
20210130,NV,277349,4264,0,1070
20210129,NV,276279,4218,0,1328
20210128,NV,274951,4181,0,1078
20210127,NV,273873,4134,0,1020
20210126,NV,272853,4088,0,956
20210125,NV,271897,4029,0,990
20210124,NV,270907,4026,0,1194
20210123,NV,269713,4011,0,1501
20210122,NV,268212,3958,0,1869
20210121,NV,266343,3910,0,1200
20210120,NV,265143,3863,0,1171
20210119,NV,263972,3792,0,1178
20210118,NV,262794,3784,0,1221
20210117,NV,261573,3779,0,1483
20210116,NV,260090,3761,0,2040
20210115,NV,258050,3698,0,1878
20210114,NV,256172,3658,0,2187
20210113,NV,253985,3596,0,1143
20210112,NV,252842,3546,0,2593
20210111,NV,250249,3500,0,1681
20210110,NV,248568,3467,0,2259
20210109,NV,246309,3450,0,2648
20210108,NV,243661,3394,0,2866
20210107,NV,240795,3339,0,3402
20210106,NV,237393,3295,0,1938
20210105,NV,235455,3235,0,2423
20210104,NV,233032,3206,0,1414
20210103,NV,231618,3183,0,2747
20210102,NV,228871,3151,0,1825
20210101,NV,227046,3146,0,2315
20201231,NV,224731,3125,0,2137
20201230,NV,222594,3066,0,2470
20201229,NV,220124,3019,0,1747
20201228,NV,218377,2973,0,868
20201227,NV,217509,2952,0,1856
20201226,NV,215653,2944,0,1589
20201225,NV,214064,2943,0,1853
20201224,NV,212211,2916,0,2249
20201223,NV,209962,2871,0,2988
20201222,NV,206974,2825,0,1090
20201221,NV,205884,2787,0,1939
20201220,NV,203945,2781,0,2087
20201219,NV,201858,2751,0,2601
20201218,NV,199257,2708,0,2878
20201217,NV,196379,2673,0,2281
20201216,NV,194098,2653,0,2366
20201215,NV,191732,2596,0,2320
20201214,NV,189412,2548,0,2579
20201213,NV,186833,2539,0,2882
20201212,NV,183951,2520,0,2641
20201211,NV,181310,2479,0,2783
20201210,NV,178527,2434,0,2193
20201209,NV,176334,2384,0,3053
20201208,NV,173281,2359,0,2694
20201207,NV,170587,2319,0,2448
20201206,NV,168139,2315,0,2511
20201205,NV,165628,2301,0,3194
20201204,NV,162434,2272,0,2902
20201203,NV,159532,2249,0,2536
20201202,NV,156996,2201,0,2129
20201201,NV,154867,2166,0,2698
20201130,NV,152169,2144,0,1642
20201129,NV,150527,2136,0,1298
20201128,NV,149229,2119,0,2912
20201127,NV,146317,2095,0,1536
20201126,NV,144781,2093,0,2542
20201125,NV,142239,2071,0,3159
20201124,NV,139080,2047,0,2853
20201123,NV,136227,2023,0,2339
20201122,NV,133888,2017,0,2155
20201121,NV,131733,2011,0,2019
20201120,NV,129714,1982,0,1839
20201119,NV,127875,1953,0,2416
20201118,NV,125459,1947,0,1665
20201117,NV,123794,1944,0,1697
20201116,NV,122097,1917,0,1914
20201115,NV,120183,1909,0,1177
20201114,NV,119006,1908,0,2269
20201113,NV,116737,1893,0,1857
20201112,NV,114880,1880,0,1469
20201111,NV,113411,1877,0,1107
20201110,NV,112304,1859,0,1322
20201109,NV,110982,1852,0,960
20201108,NV,110022,1851,0,1276
20201107,NV,108746,1850,0,1824
20201106,NV,106922,1845,0,1562
20201105,NV,105360,1824,0,1267
20201104,NV,104093,1814,0,1068
20201103,NV,103025,1807,0,911
20201102,NV,102114,1784,0,635
20201101,NV,101479,1781,0,716
20201031,NV,100763,1777,0,977
20201030,NV,99786,1777,0,1232
20201029,NV,98554,1769,0,1075
20201028,NV,97479,1766,0,571
20201027,NV,96908,1756,0,730
20201026,NV,96178,1749,0,475
20201025,NV,95703,1748,0,891
20201024,NV,94812,1743,0,1146
20201023,NV,93666,1738,0,813
20201022,NV,92853,1736,0,789
20201021,NV,92064,1732,0,565
20201020,NV,91499,1727,0,656
20201019,NV,90843,1712,0,582
20201018,NV,90261,1710,0,609
20201017,NV,89652,1707,0,967
20201016,NV,88685,1707,0,716
20201015,NV,87969,1698,0,655
20201014,NV,87314,1691,0,479
20201013,NV,86835,1674,0,487
20201012,NV,86348,1664,0,569
20201011,NV,85779,1661,0,380
20201010,NV,85399,1659,0,806
20201009,NV,84593,1657,0,766
20201008,NV,83827,1649,0,480
20201007,NV,83347,1636,0,431
20201006,NV,82916,1629,0,479
20201005,NV,82437,1623,0,337
20201004,NV,82100,1623,0,392
20201003,NV,81708,1620,0,526
20201002,NV,81182,1609,0,772
20201001,NV,80410,1603,0,430
20200930,NV,79980,1600,0,385
20200929,NV,79595,1593,0,404
20200928,NV,79191,1585,0,463
20200927,NV,78728,1585,0,373
20200926,NV,78355,1582,0,602
20200925,NV,77753,1573,0,556
20200924,NV,77197,1564,0,390
20200923,NV,76807,1556,0,509
20200922,NV,76298,1546,0,262
20200921,NV,76036,1531,0,232
20200920,NV,75804,1531,0,385
20200919,NV,75419,1528,0,323
20200918,NV,75096,1524,0,501
20200917,NV,74595,1506,0,347
20200916,NV,74248,1494,0,208
20200915,NV,74040,1482,0,226
20200914,NV,73814,1456,0,277
20200913,NV,73537,1452,0,317
20200912,NV,73220,1449,0,414
20200911,NV,72806,1439,0,260
20200910,NV,72546,1429,0,288
20200909,NV,72258,1412,0,154
20200908,NV,72104,1393,0,137
20200907,NV,71967,1393,0,357
20200906,NV,71610,1389,0,508
20200905,NV,71102,1388,0,390
20200904,NV,70712,1375,0,489
20200903,NV,70223,1363,0,351
20200902,NV,69872,1336,0,239
20200901,NV,69633,1313,0,405
20200831,NV,69228,1305,0,320
20200830,NV,68908,1302,0,447
20200829,NV,68461,1302,0,609
20200828,NV,67852,1287,0,632
20200827,NV,67220,1271,0,554
20200826,NV,66666,1250,0,253
20200825,NV,66413,1230,0,403
20200824,NV,66010,1200,0,409
20200823,NV,65601,1197,0,532
20200822,NV,65069,1197,0,636
20200821,NV,64433,1185,0,849
20200820,NV,63584,1172,0,556
20200819,NV,63028,1134,0,389
20200818,NV,62639,1102,0,672
20200817,NV,61967,1077,0,662
20200816,NV,61305,1072,0,697
20200815,NV,60608,1069,0,859
20200814,NV,59749,1045,0,1099
20200813,NV,58650,1030,0,602
20200812,NV,58048,996,0,528
20200811,NV,57520,981,0,548
20200810,NV,56972,963,0,742
20200809,NV,56230,957,0,811
20200808,NV,55419,949,0,886
20200807,NV,54533,920,0,976
20200806,NV,53557,900,0,729
20200805,NV,52828,890,0,649
20200804,NV,52179,862,0,980
20200803,NV,51199,847,0,994
20200802,NV,50205,832,0,1131
20200801,NV,49074,832,0,986
20200731,NV,48088,830,0,1264
20200730,NV,46824,801,0,1018
20200729,NV,45806,780,0,870
20200728,NV,44936,759,0,1105
20200727,NV,43831,739,0,997
20200726,NV,42834,734,0,1018
20200725,NV,41816,732,0,931
20200724,NV,40885,722,0,966
20200723,NV,39919,709,0,1262
20200722,NV,38657,704,0,1129
20200721,NV,37528,676,0,815
20200720,NV,36713,648,0,948
20200719,NV,35765,647,0,1288
20200718,NV,34477,646,0,1182
20200717,NV,33295,637,0,1380
20200716,NV,31915,626,0,1447
20200715,NV,30468,618,0,849
20200714,NV,29619,612,0,1104
20200713,NV,28515,593,0,832
20200712,NV,27683,593,0,845
20200711,NV,26838,592,0,930
20200710,NV,25908,579,0,1004
20200709,NV,24904,571,0,603
20200708,NV,24301,553,0,516
20200707,NV,23785,548,0,876
20200706,NV,22909,537,0,491
20200705,NV,22418,534,0,843
20200704,NV,21575,530,0,857
20200703,NV,20718,528,0,985
20200702,NV,19733,525,0,632
20200701,NV,19101,511,0,645
20200630,NV,18456,507,0,562
20200629,NV,17894,504,0,734
20200628,NV,17160,500,0,821
20200627,NV,16339,500,0,479
20200626,NV,15860,498,0,381
20200625,NV,15479,495,0,887
20200624,NV,14592,494,0,595
20200623,NV,13997,492,0,462
20200622,NV,13535,492,0,330
20200621,NV,13205,492,0,274
20200620,NV,12931,491,0,445
20200619,NV,12486,491,0,410
20200618,NV,12076,489,0,234
20200617,NV,11842,486,0,184
20200616,NV,11658,485,0,379
20200615,NV,11279,483,0,106
20200614,NV,11173,479,0,227
20200613,NV,10946,478,0,270
20200612,NV,10676,475,0,277
20200611,NV,10399,475,0,235
20200610,NV,10164,474,0,134
20200609,NV,10030,472,0,244
20200608,NV,9786,469,0,137
20200607,NV,9649,465,0,189
20200606,NV,9460,463,0,194
20200605,NV,9266,460,0,176
20200604,NV,9090,460,0,159
20200603,NV,8931,455,0,101
20200602,NV,8830,452,0,142
20200601,NV,8688,445,0,95
20200531,NV,8593,444,0,98
20200530,NV,8495,439,0,145
20200529,NV,8350,435,0,142
20200528,NV,8208,425,0,95
20200527,NV,8113,416,0,116
20200526,NV,7997,412,0,118
20200525,NV,7879,410,0,109
20200524,NV,7770,408,0,74
20200523,NV,7696,404,0,295
20200522,NV,7401,400,0,146
20200521,NV,7255,397,0,89
20200520,NV,7166,393,0,120
20200519,NV,7046,390,0,140
20200518,NV,6906,383,0,49
20200517,NV,6857,375,0,148
20200516,NV,6709,369,0,95
20200515,NV,6614,368,0,115
20200514,NV,6499,358,0,105
20200513,NV,6394,355,0,83
20200512,NV,6311,350,0,159
20200511,NV,6152,344,0,54
20200510,NV,6098,339,0,70
20200509,NV,6028,334,0,144
20200508,NV,5884,328,0,118
20200507,NV,5766,320,0,103
20200506,NV,5663,311,0,69
20200505,NV,5594,297,0,103
20200504,NV,5491,292,0,68
20200503,NV,5423,287,0,112
20200502,NV,5311,281,0,84
20200501,NV,5227,277,0,229
20200430,NV,4998,269,0,100
20200429,NV,4898,257,0,93
20200428,NV,4805,251,0,115
20200427,NV,4690,245,0,88
20200426,NV,4602,235,0,63
20200425,NV,4539,229,0,141
20200424,NV,4398,216,0,190
20200423,NV,4208,210,0,127
20200422,NV,4081,201,0,144
20200421,NV,3937,193,0,107
20200420,NV,3830,180,0,102
20200419,NV,3728,172,0,102
20200418,NV,3626,168,0,102
20200417,NV,3524,162,0,203
20200416,NV,3321,158,0,110
20200415,NV,3211,150,0,123
20200414,NV,3088,141,0,117
20200413,NV,2971,133,0,135
20200412,NV,2836,128,0,136
20200411,NV,2700,125,0,116
20200410,NV,2584,120,0,128
20200409,NV,2456,110,0,138
20200408,NV,2318,101,0,231
20200407,NV,2087,91,0,134
20200406,NV,1953,79,0,117
20200405,NV,1836,76,0,94
20200404,NV,1742,70,0,228
20200403,NV,1514,59,0,56
20200402,NV,1458,51,0,179
20200401,NV,1279,45,0,166
20200331,NV,1113,37,0,117
20200330,NV,996,32,0,258
20200329,NV,738,28,0,117
20200328,NV,621,25,0,86
20200327,NV,535,21,0,115
20200326,NV,420,17,0,99
20200325,NV,321,13,0,43
20200324,NV,278,13,0,88
20200323,NV,190,8,0,36
20200322,NV,154,7,0,30
20200321,NV,124,5,0,15
20200320,NV,109,3,0,8
20200319,NV,101,3,0,23
20200318,NV,78,2,0,5
20200317,NV,73,1,0,10
20200316,NV,63,1,0,18
20200315,NV,45,1,0,11
20200314,NV,34,0,0,12
20200313,NV,22,0,0,10
20200312,NV,12,0,0,3
20200311,NV,9,0,0,4
20200310,NV,5,0,0,0
20200309,NV,5,0,0,1
20200308,NV,4,0,0,0
20200307,NV,4,0,0,1
20200306,NV,3,0,0,2
20200305,NV,1,0,0,0
