date,state,positive,death,hospitalized,positiveIncrease
20210202,OH,902736,11336,46659,3657
20210201,OH,899079,11230,46438,3287
20210131,OH,895792,11175,46215,3011
20210130,OH,892781,11121,46135,4191
20210129,OH,888590,11070,45952,4874
20210128,OH,883716,11006,45786,5432
20210127,OH,878284,10931,45530,5366
20210126,OH,872918,10856,45276,4262
20210125,OH,868656,10768,44981,4334
20210124,OH,864322,10711,44783,4481
20210123,OH,859841,10680,44685,5859
20210122,OH,853982,10599,44519,4278
20210121,OH,849704,10518,44315,7271
20210120,OH,842433,10409,44009,6378
20210119,OH,836055,10336,43605,4989
20210118,OH,831066,10281,43351,4312
20210117,OH,826754,10200,43189,5247
20210116,OH,821507,10135,43048,7065
20210115,OH,814442,10057,42807,7149
20210114,OH,807293,9990,42491,7654
20210113,OH,799639,9881,42151,6701
20210112,OH,792938,9802,41863,7981
20210111,OH,784957,9702,41377,7892
20210110,OH,777065,9627,41158,6088
20210109,OH,770977,9599,41057,8374
20210108,OH,762603,9544,40787,9535
20210107,OH,753068,9462,40469,10251
20210106,OH,742817,9368,40104,7814
20210105,OH,735003,9247,39650,7580
20210104,OH,727423,9143,39112,5942
20210103,OH,721481,9076,38798,6808
20210102,OH,714673,9017,38633,14293
20210101,OH,700380,8962,38334,0
20201231,OH,700380,8962,38334,9632
20201230,OH,690748,8855,38002,8178
20201229,OH,682570,8722,37636,7526
20201228,OH,675044,8571,37076,4519
20201227,OH,670525,8509,36786,5857
20201226,OH,664668,8476,36513,11018
20201225,OH,653650,8456,36345,0
20201224,OH,653650,8456,36345,8828
20201223,OH,644822,8361,36025,7790
20201222,OH,637032,8252,35594,7678
20201221,OH,629354,8122,35048,6548
20201220,OH,622806,8047,34747,8377
20201219,OH,614429,8031,34553,8567
20201218,OH,605862,7967,34143,9684
20201217,OH,596178,7894,33745,11412
20201216,OH,584766,7777,33375,5409
20201215,OH,579357,7654,32878,8755
20201214,OH,570602,7551,32264,7875
20201213,OH,562727,7492,31973,9266
20201212,OH,553461,7477,31803,11252
20201211,OH,542209,7426,31536,10359
20201210,OH,531850,7298,31142,11738
20201209,OH,520112,7187,30690,10094
20201208,OH,510018,7103,30226,25721
20201207,OH,484297,7022,29569,9273
20201206,OH,475024,6959,29233,7592
20201205,OH,467432,6946,28959,10469
20201204,OH,456963,6882,28673,10114
20201203,OH,446849,6753,28281,8921
20201202,OH,437928,6671,27885,7835
20201201,OH,430093,6548,27449,9030
20201130,OH,421063,6429,26864,6631
20201129,OH,414432,6399,26507,7729
20201128,OH,406703,6378,26262,6895
20201127,OH,399808,6346,25960,17065
20201126,OH,382743,6274,25486,0
20201125,OH,382743,6274,25486,10835
20201124,OH,371908,6118,25069,8604
20201123,OH,363304,6020,24705,11885
20201122,OH,351419,5996,24423,8133
20201121,OH,343286,5984,24218,7863
20201120,OH,335423,5955,23958,8808
20201119,OH,326615,5890,23560,7787
20201118,OH,318828,5827,23217,6385
20201117,OH,312443,5772,22846,7079
20201116,OH,305364,5742,22478,7268
20201115,OH,298096,5722,22265,7853
20201114,OH,290243,5714,22076,7715
20201113,OH,282528,5700,21856,8071
20201112,OH,274457,5658,21558,7101
20201111,OH,267356,5623,21290,5874
20201110,OH,261482,5547,21037,6508
20201109,OH,254974,5524,20651,4706
20201108,OH,250268,5517,20497,4541
20201107,OH,245727,5506,20395,5549
20201106,OH,240178,5494,20246,5008
20201105,OH,235170,5461,20015,4961
20201104,OH,230209,5428,19801,4071
20201103,OH,226138,5373,19615,4229
20201102,OH,221909,5340,19402,2909
20201101,OH,219000,5303,19220,3303
20201031,OH,215697,5301,19132,2915
20201030,OH,212782,5291,18969,3845
20201029,OH,208937,5275,18800,3590
20201028,OH,205347,5256,18606,2607
20201027,OH,202740,5239,18433,2509
20201026,OH,200231,5217,18235,2116
20201025,OH,198115,5206,18095,2309
20201024,OH,195806,5206,18006,2858
20201023,OH,192948,5184,17866,2518
20201022,OH,190430,5161,17682,2425
20201021,OH,188005,5149,17523,2366
20201020,OH,185639,5083,17388,2015
20201019,OH,183624,5075,17172,1837
20201018,OH,181787,5067,17061,1562
20201017,OH,180225,5067,17009,2234
20201016,OH,177991,5054,16910,2148
20201015,OH,175843,5038,16824,2178
20201014,OH,173665,5033,16716,2039
20201013,OH,171626,5017,16565,1447
20201012,OH,170179,5005,16442,1430
20201011,OH,168749,4999,16399,1291
20201010,OH,167458,4997,16355,1356
20201009,OH,166102,4994,16301,1840
20201008,OH,164262,4983,16200,1539
20201007,OH,162723,4970,16091,1424
20201006,OH,161299,4947,15972,1335
20201005,OH,159964,4931,15840,1057
20201004,OH,158907,4925,15767,941
20201003,OH,157966,4925,15735,1157
20201002,OH,156809,4905,15688,1495
20201001,OH,155314,4817,15606,1327
20200930,OH,153987,4804,15516,1080
20200929,OH,152907,4783,15413,1105
20200928,OH,151802,4746,15307,993
20200927,OH,150809,4741,15216,800
20200926,OH,150009,4740,15185,1115
20200925,OH,148894,4734,15127,1150
20200924,OH,147744,4715,15051,991
20200923,OH,146753,4687,14977,903
20200922,OH,145850,4635,14899,685
20200921,OH,145165,4623,14829,856
20200920,OH,144309,4615,14773,762
20200919,OH,143547,4612,14750,951
20200918,OH,142596,4608,14687,1011
20200917,OH,141585,4580,14625,1067
20200916,OH,140518,4555,14560,1033
20200915,OH,139485,4506,14481,1001
20200914,OH,138484,4419,14378,1079
20200913,OH,137405,4415,14314,837
20200912,OH,136568,4411,14284,1242
20200911,OH,135326,4403,14236,1240
20200910,OH,134086,4354,14164,1121
20200909,OH,132965,4324,14083,973
20200908,OH,131992,4298,13967,656
20200907,OH,131336,4276,13887,778
20200906,OH,130558,4259,13841,773
20200905,OH,129785,4256,13808,1341
20200904,OH,128444,4248,13731,1332
20200903,OH,127112,4226,13663,1345
20200902,OH,125767,4176,13574,1157
20200901,OH,124610,4165,13479,1453
20200831,OH,123157,4138,13376,895
20200830,OH,122262,4128,13317,922
20200829,OH,121340,4126,13288,1216
20200828,OH,120124,4105,13221,1296
20200827,OH,118828,4076,13150,1244
20200826,OH,117584,4044,13043,1089
20200825,OH,116495,3996,12956,844
20200824,OH,115651,3986,12859,849
20200823,OH,114802,3978,12800,637
20200822,OH,114165,3975,12778,1119
20200821,OH,113046,3955,12719,1043
20200820,OH,112003,3929,12615,1122
20200819,OH,110881,3907,12529,958
20200818,OH,109923,3871,12436,861
20200817,OH,109062,3832,12319,775
20200816,OH,108287,3826,12236,613
20200815,OH,107674,3824,12210,1117
20200814,OH,106557,3784,12128,1131
20200813,OH,105426,3755,12023,1178
20200812,OH,104248,3734,11901,1422
20200811,OH,102826,3708,11760,1095
20200810,OH,101731,3673,11629,883
20200809,OH,100848,3669,11565,879
20200808,OH,99969,3668,11516,1294
20200807,OH,98675,3652,11447,1204
20200806,OH,97471,3618,11366,1166
20200805,OH,96305,3596,11231,1199
20200804,OH,95106,3570,11119,1143
20200803,OH,93963,3539,10992,932
20200802,OH,93031,3529,10900,944
20200801,OH,92087,3515,10857,928
20200731,OH,91159,3489,10790,1533
20200730,OH,89626,3442,10678,1733
20200729,OH,87893,3422,10553,1396
20200728,OH,86497,3382,10425,1320
20200727,OH,85177,3344,10285,1104
20200726,OH,84073,3307,10199,889
20200725,OH,83184,3297,10145,1438
20200724,OH,81746,3297,10072,1560
20200723,OH,80186,3256,9968,1444
20200722,OH,78742,3235,9864,1527
20200721,OH,77215,3219,9736,1047
20200720,OH,76168,3189,9610,1236
20200719,OH,74932,3174,9555,1110
20200718,OH,73822,3132,9513,1542
20200717,OH,72280,3112,9445,1679
20200716,OH,70601,3103,9324,1290
20200715,OH,69311,3075,9209,1316
20200714,OH,67995,3069,9049,1142
20200713,OH,66853,3064,8915,1261
20200712,OH,65592,3058,8842,1378
20200711,OH,64214,3036,8770,1358
20200710,OH,62856,3032,8701,1525
20200709,OH,61331,3006,8570,1150
20200708,OH,60181,2991,8489,1277
20200707,OH,58904,2970,8383,948
20200706,OH,57956,2927,8249,805
20200705,OH,57151,2911,8172,968
20200704,OH,56183,2907,8111,926
20200703,OH,55257,2903,8084,1091
20200702,OH,54166,2903,8038,1301
20200701,OH,52865,2876,7911,1076
20200630,OH,51789,2863,7839,743
20200629,OH,51046,2818,7746,737
20200628,OH,50309,2807,7681,854
20200627,OH,49455,2804,7624,817
20200626,OH,48638,2788,7570,987
20200625,OH,47651,2772,7502,892
20200624,OH,46759,2755,7447,632
20200623,OH,46127,2735,7379,590
20200622,OH,45537,2704,7292,729
20200621,OH,44808,2700,7242,546
20200620,OH,44262,2697,7201,531
20200619,OH,43731,2667,7167,609
20200618,OH,43122,2633,7104,700
20200617,OH,42422,2611,7051,412
20200616,OH,42010,2597,7007,434
20200615,OH,41576,2573,6948,428
20200614,OH,41148,2557,6895,300
20200613,OH,40848,2554,6864,424
20200612,OH,40424,2508,6814,420
20200611,OH,40004,2490,6753,429
20200610,OH,39575,2457,6693,413
20200609,OH,39162,2421,6620,325
20200608,OH,38837,2404,6550,361
20200607,OH,38476,2377,6497,365
20200606,OH,38111,2370,6460,353
20200605,OH,37758,2355,6385,476
20200604,OH,37282,2339,6312,490
20200603,OH,36792,2299,6251,442
20200602,OH,36350,2258,6176,366
20200601,OH,35984,2206,6112,471
20200531,OH,35513,2155,6049,479
20200530,OH,35034,2149,6011,468
20200529,OH,34566,2131,5947,651
20200528,OH,33915,2098,5811,476
20200527,OH,33439,2044,5700,433
20200526,OH,33006,2002,5579,529
20200525,OH,32477,1987,5511,566
20200524,OH,31911,1969,5476,503
20200523,OH,31408,1956,5437,614
20200522,OH,30794,1872,5379,627
20200521,OH,30167,1836,5295,731
20200520,OH,29436,1781,5198,484
20200519,OH,28952,1720,5117,498
20200518,OH,28454,1657,4998,531
20200517,OH,27923,1625,4921,449
20200516,OH,27474,1610,4870,520
20200515,OH,26954,1581,4791,597
20200514,OH,26357,1534,4718,636
20200513,OH,25721,1483,4618,471
20200512,OH,25250,1436,4539,473
20200511,OH,24777,1357,4413,696
20200510,OH,24081,1341,4351,384
20200509,OH,23697,1331,4300,681
20200508,OH,23016,1306,4218,885
20200507,OH,22131,1271,4140,555
20200506,OH,21576,1225,4052,607
20200505,OH,20969,1135,3956,495
20200504,OH,20474,1056,3809,560
20200503,OH,19914,1038,3769,579
20200502,OH,19335,1021,3712,592
20200501,OH,18743,1002,3634,716
20200430,OH,18027,975,3533,724
20200429,OH,17303,937,3421,534
20200428,OH,16769,799,3340,444
20200427,OH,16325,753,3232,362
20200426,OH,15963,728,3178,376
20200425,OH,15587,711,3115,418
20200424,OH,15169,690,3053,475
20200423,OH,14694,656,2960,577
20200422,OH,14117,610,2882,392
20200421,OH,13725,557,2779,806
20200420,OH,12919,509,2653,1317
20200419,OH,11602,471,2565,1380
20200418,OH,10222,451,2519,1115
20200417,OH,9107,418,2424,693
20200416,OH,8414,389,2331,623
20200415,OH,7791,361,2237,511
20200414,OH,7280,324,2156,305
20200413,OH,6975,274,2033,371
20200412,OH,6604,253,1948,354
20200411,OH,6250,247,1859,372
20200410,OH,5878,231,1755,366
20200409,OH,5512,213,1612,364
20200408,OH,5148,193,1495,366
20200407,OH,4782,167,1354,332
20200406,OH,4450,142,1214,407
20200405,OH,4043,119,1104,304
20200404,OH,3739,102,1006,427
20200403,OH,3312,91,895,410
20200402,OH,2902,81,802,355
20200401,OH,2547,65,679,348
20200331,OH,2199,55,585,266
20200330,OH,1933,39,475,280
20200329,OH,1653,29,403,247
20200328,OH,1406,25,344,269
20200327,OH,1137,19,276,270
20200326,OH,867,15,223,163
20200325,OH,704,10,182,140
20200324,OH,564,8,145,122
20200323,OH,442,6,104,91
20200322,OH,351,3,83,104
20200321,OH,247,3,58,78
20200320,OH,169,1,0,50
20200319,OH,119,0,0,31
20200318,OH,88,0,0,21
20200317,OH,67,0,0,17
20200316,OH,50,0,0,14
20200315,OH,36,0,0,23
20200314,OH,13,0,0,0
20200313,OH,13,0,0,8
20200312,OH,5,0,0,1
20200311,OH,4,0,0,1
20200310,OH,3,0,0,0
20200309,OH,3,0,0,3
20200308,OH,0,0,0,0
20200307,OH,0,0,0,0
20200306,OH,0,0,0,0
20200305,OH,0,0,0,0
