date,state,positive,death,hospitalized,positiveIncrease
20210202,SD,108431,1779,6304,116
20210201,SD,108315,1778,6294,65
20210131,SD,108250,1778,6290,180
20210130,SD,108070,1775,6286,115
20210129,SD,107955,1768,6272,160
20210128,SD,107795,1763,6264,187
20210127,SD,107608,1739,6242,228
20210126,SD,107380,1705,6216,200
20210125,SD,107180,1705,6201,32
20210124,SD,107148,1705,6193,185
20210123,SD,106963,1696,6177,247
20210122,SD,106716,1684,6159,316
20210121,SD,106400,1673,6133,337
20210120,SD,106063,1667,6109,277
20210119,SD,105786,1667,6092,127
20210118,SD,105659,1667,6082,115
20210117,SD,105544,1656,6063,266
20210116,SD,105278,1633,6039,341
20210115,SD,104937,1629,6023,425
20210114,SD,104512,1614,5998,317
20210113,SD,104195,1604,5978,452
20210112,SD,103743,1585,5943,244
20210111,SD,103499,1585,5917,181
20210110,SD,103318,1585,5904,417
20210109,SD,102901,1570,5871,321
20210108,SD,102580,1556,5851,448
20210107,SD,102132,1544,5829,448
20210106,SD,101684,1519,5805,608
20210105,SD,101076,1513,5764,433
20210104,SD,100643,1513,5742,111
20210103,SD,100532,1513,5732,703
20210102,SD,99829,1501,5702,665
20210101,SD,99164,1488,5672,0
20201231,SD,99164,1488,5672,444
20201230,SD,98720,1464,5639,562
20201229,SD,98158,1446,5605,501
20201228,SD,97657,1446,5583,267
20201227,SD,97390,1446,5561,427
20201226,SD,96963,1446,5533,417
20201225,SD,96546,1430,5503,0
20201224,SD,96546,1430,5503,506
20201223,SD,96040,1389,5492,531
20201222,SD,95509,1381,5461,435
20201221,SD,95074,1381,5429,347
20201220,SD,94727,1361,5411,391
20201219,SD,94336,1350,5385,564
20201218,SD,93772,1329,5348,575
20201217,SD,93197,1301,5317,594
20201216,SD,92603,1300,5265,904
20201215,SD,91699,1261,5242,345
20201214,SD,91354,1259,5200,316
20201213,SD,91038,1259,5174,631
20201212,SD,90407,1243,5125,735
20201211,SD,89672,1210,5086,945
20201210,SD,88727,1177,5025,704
20201209,SD,88023,1147,4974,985
20201208,SD,87038,1111,4921,538
20201207,SD,86500,1110,4872,509
20201206,SD,85991,1110,4835,687
20201205,SD,85304,1091,4793,906
20201204,SD,84398,1064,4748,1050
20201203,SD,83348,1033,4696,1145
20201202,SD,82203,995,4626,1291
20201201,SD,80912,948,4572,448
20201130,SD,80464,946,4502,564
20201129,SD,79900,943,4468,801
20201128,SD,79099,942,4400,819
20201127,SD,78280,888,4353,2138
20201126,SD,76142,849,4243,0
20201125,SD,76142,849,4243,1283
20201124,SD,74859,821,4193,1011
20201123,SD,73848,819,4107,783
20201122,SD,73065,819,4094,851
20201121,SD,72214,777,4052,1144
20201120,SD,71070,741,3993,1328
20201119,SD,69742,705,3922,1071
20201118,SD,68671,674,3864,1387
20201117,SD,67284,644,3769,1006
20201116,SD,66278,644,3698,897
20201115,SD,65381,644,3644,1199
20201114,SD,64182,621,3598,1855
20201113,SD,62327,568,3540,1611
20201112,SD,60716,567,3455,2020
20201111,SD,58696,567,3389,1362
20201110,SD,57334,540,3277,1023
20201109,SD,56311,537,3227,907
20201108,SD,55404,536,3184,1428
20201107,SD,53976,523,3108,1337
20201106,SD,52639,510,3023,1488
20201105,SD,51151,482,2955,1360
20201104,SD,49791,460,2873,937
20201103,SD,48854,446,2824,1004
20201102,SD,47850,438,2755,526
20201101,SD,47324,437,2721,1332
20201031,SD,45992,425,2683,1433
20201030,SD,44559,415,2660,1559
20201029,SD,43000,403,2602,1000
20201028,SD,42000,384,2545,1270
20201027,SD,40730,375,2483,989
20201026,SD,39741,375,2453,538
20201025,SD,39203,375,2436,1062
20201024,SD,38141,366,2378,939
20201023,SD,37202,356,2336,1185
20201022,SD,36017,347,2277,973
20201021,SD,35044,333,2239,587
20201020,SD,34457,330,2193,621
20201019,SD,33836,323,2146,567
20201018,SD,33269,323,2119,658
20201017,SD,32611,315,2077,806
20201016,SD,31805,307,2044,793
20201015,SD,31012,304,2000,797
20201014,SD,30215,291,1963,876
20201013,SD,29339,288,1911,414
20201012,SD,28925,288,1886,361
20201011,SD,28564,286,1866,617
20201010,SD,27947,286,1829,732
20201009,SD,27215,277,1782,804
20201008,SD,26411,272,1717,505
20201007,SD,25906,258,1697,1030
20201006,SD,24876,248,1670,278
20201005,SD,24598,248,1642,180
20201004,SD,24418,248,1632,432
20201003,SD,23986,248,1615,464
20201002,SD,23522,237,1588,386
20201001,SD,23136,236,1578,747
20200930,SD,22389,223,1549,392
20200929,SD,21997,223,1511,259
20200928,SD,21738,218,1488,197
20200927,SD,21541,218,1473,408
20200926,SD,21133,218,1434,579
20200925,SD,20554,216,1400,457
20200924,SD,20097,210,1375,463
20200923,SD,19634,202,1367,445
20200922,SD,19189,202,1323,320
20200921,SD,18869,202,1297,173
20200920,SD,18696,202,1288,252
20200919,SD,18444,200,1268,369
20200918,SD,18075,198,1246,389
20200917,SD,17686,193,1231,395
20200916,SD,17291,192,1211,297
20200915,SD,16994,184,1195,193
20200914,SD,16801,184,1171,163
20200913,SD,16638,184,1165,201
20200912,SD,16437,183,1152,320
20200911,SD,16117,177,1138,283
20200910,SD,15834,177,1120,263
20200909,SD,15571,173,1109,168
20200908,SD,15403,173,1094,103
20200907,SD,15300,173,1084,191
20200906,SD,15109,173,1079,220
20200905,SD,14889,173,1068,293
20200904,SD,14596,170,1062,259
20200903,SD,14337,169,1052,334
20200902,SD,14003,169,1043,254
20200901,SD,13749,167,1036,240
20200831,SD,13509,167,1029,187
20200830,SD,13322,167,1017,380
20200829,SD,12942,167,1006,425
20200828,SD,12517,165,995,323
20200827,SD,12194,162,983,343
20200826,SD,11851,162,981,292
20200825,SD,11559,161,974,134
20200824,SD,11425,161,965,149
20200823,SD,11276,161,959,141
20200822,SD,11135,160,951,251
20200821,SD,10884,159,948,193
20200820,SD,10691,157,940,125
20200819,SD,10566,155,935,123
20200818,SD,10443,154,927,83
20200817,SD,10360,153,921,86
20200816,SD,10274,153,916,156
20200815,SD,10118,152,913,94
20200814,SD,10024,150,903,127
20200813,SD,9897,148,896,82
20200812,SD,9815,147,892,102
20200811,SD,9713,146,887,50
20200810,SD,9663,146,882,58
20200809,SD,9605,146,876,128
20200808,SD,9477,146,871,106
20200807,SD,9371,144,866,98
20200806,SD,9273,141,861,105
20200805,SD,9168,137,856,89
20200804,SD,9079,136,846,59
20200803,SD,9020,135,838,65
20200802,SD,8955,135,835,88
20200801,SD,8867,134,832,103
20200731,SD,8764,130,824,79
20200730,SD,8685,129,815,44
20200729,SD,8641,129,810,149
20200728,SD,8492,123,808,48
20200727,SD,8444,123,806,49
20200726,SD,8395,123,801,90
20200725,SD,8305,122,798,105
20200724,SD,8200,122,796,57
20200723,SD,8143,121,792,66
20200722,SD,8077,119,790,58
20200721,SD,8019,118,776,76
20200720,SD,7943,118,774,37
20200719,SD,7906,118,774,44
20200718,SD,7862,116,771,73
20200717,SD,7789,116,763,95
20200716,SD,7694,115,757,42
20200715,SD,7652,111,752,80
20200714,SD,7572,109,744,48
20200713,SD,7524,109,742,25
20200712,SD,7499,109,738,45
20200711,SD,7454,109,738,53
20200710,SD,7401,107,726,65
20200709,SD,7336,101,718,94
20200708,SD,7242,98,709,79
20200707,SD,7163,98,699,58
20200706,SD,7105,97,692,42
20200705,SD,7063,97,691,35
20200704,SD,7028,97,689,50
20200703,SD,6978,97,687,85
20200702,SD,6893,97,683,67
20200701,SD,6826,93,674,62
20200630,SD,6764,91,666,48
20200629,SD,6716,91,657,35
20200628,SD,6681,91,652,55
20200627,SD,6626,91,645,91
20200626,SD,6535,88,639,56
20200625,SD,6479,87,632,60
20200624,SD,6419,84,629,66
20200623,SD,6353,83,624,27
20200622,SD,6326,81,616,29
20200621,SD,6297,81,608,72
20200620,SD,6225,81,598,67
20200619,SD,6158,81,589,49
20200618,SD,6109,78,585,59
20200617,SD,6050,78,570,84
20200616,SD,5966,77,562,38
20200615,SD,5928,75,544,30
20200614,SD,5898,75,539,65
20200613,SD,5833,75,531,91
20200612,SD,5742,74,525,77
20200611,SD,5665,73,514,61
20200610,SD,5604,69,503,81
20200609,SD,5523,68,487,52
20200608,SD,5471,65,482,33
20200607,SD,5438,65,478,71
20200606,SD,5367,65,474,90
20200605,SD,5277,65,467,30
20200604,SD,5247,64,464,85
20200603,SD,5162,62,456,95
20200602,SD,5067,62,443,33
20200601,SD,5034,62,435,41
20200531,SD,4993,62,432,33
20200530,SD,4960,62,427,94
20200529,SD,4866,59,418,73
20200528,SD,4793,54,406,83
20200527,SD,4710,54,391,57
20200526,SD,4653,50,378,67
20200525,SD,4586,50,370,23
20200524,SD,4563,50,364,95
20200523,SD,4468,50,358,112
20200522,SD,4356,50,351,106
20200521,SD,4250,48,342,73
20200520,SD,4177,46,333,92
20200519,SD,4085,46,327,58
20200518,SD,4027,44,316,40
20200517,SD,3987,44,312,28
20200516,SD,3959,44,304,72
20200515,SD,3887,44,296,95
20200514,SD,3792,43,290,60
20200513,SD,3732,39,281,69
20200512,SD,3663,39,271,49
20200511,SD,3614,34,263,97
20200510,SD,3517,34,261,124
20200509,SD,3393,34,253,249
20200508,SD,3144,31,247,239
20200507,SD,2905,31,236,126
20200506,SD,2779,29,230,58
20200505,SD,2721,24,220,53
20200504,SD,2668,21,211,37
20200503,SD,2631,21,197,43
20200502,SD,2588,21,187,63
20200501,SD,2525,21,179,76
20200430,SD,2449,17,173,76
20200429,SD,2373,13,165,60
20200428,SD,2313,11,157,68
20200427,SD,2245,11,150,33
20200426,SD,2212,11,135,65
20200425,SD,2147,10,128,107
20200424,SD,2040,10,124,84
20200423,SD,1956,9,119,98
20200422,SD,1858,8,111,103
20200421,SD,1755,8,100,70
20200420,SD,1685,7,87,50
20200419,SD,1635,7,74,93
20200418,SD,1542,7,68,131
20200417,SD,1411,7,63,100
20200416,SD,1311,7,55,143
20200415,SD,1168,6,51,180
20200414,SD,988,6,45,120
20200413,SD,868,6,44,138
20200412,SD,730,6,43,104
20200411,SD,626,6,33,90
20200410,SD,536,6,29,89
20200409,SD,447,6,27,54
20200408,SD,393,6,26,73
20200407,SD,320,6,23,32
20200406,SD,288,4,23,48
20200405,SD,240,2,22,28
20200404,SD,212,2,19,25
20200403,SD,187,2,17,22
20200402,SD,165,2,17,36
20200401,SD,129,2,12,21
20200331,SD,108,1,12,7
20200330,SD,101,1,0,11
20200329,SD,90,1,0,22
20200328,SD,68,1,0,10
20200327,SD,58,1,0,12
20200326,SD,46,1,0,5
20200325,SD,41,1,0,11
20200324,SD,30,1,0,2
20200323,SD,28,1,0,7
20200322,SD,21,1,0,7
20200321,SD,14,1,0,0
20200320,SD,14,1,0,3
20200319,SD,11,1,0,0
20200318,SD,11,1,0,0
20200317,SD,11,0,0,1
20200316,SD,10,0,0,1
20200315,SD,9,0,0,0
20200314,SD,9,0,0,0
20200313,SD,9,0,0,1
20200312,SD,8,0,0,3
20200311,SD,5,0,0,5
20200310,SD,0,0,0,0
20200309,SD,0,0,0,0
20200308,SD,0,0,0,0
20200307,SD,0,0,0,0
