date,state,positive,death,hospitalized,positiveIncrease
20210202,AL,462938,7894,42328,2078
20210201,AL,460860,7688,41859,1221
20210131,AL,459639,7688,41859,4057
20210130,AL,455582,7566,41859,0
20210129,AL,455582,7566,41483,2848
20210128,AL,452734,7340,41483,3648
20210127,AL,449086,7172,41483,3177
20210126,AL,445909,6896,41315,2900
20210125,AL,443009,6662,41069,1839
20210124,AL,441170,6660,40514,1728
20210123,AL,439442,6657,40514,3355
20210122,AL,436087,6486,40514,3551
20210121,AL,432536,6379,40277,2881
20210120,AL,429655,6283,39928,3112
20210119,AL,426543,6126,39504,2515
20210118,AL,424028,6121,39504,1430
20210117,AL,422598,6120,38763,1917
20210116,AL,420681,6119,38763,3153
20210115,AL,417528,6030,38763,2945
20210114,AL,414583,5945,38450,3588
20210113,AL,410995,5760,38229,3147
20210112,AL,407848,5573,37587,3848
20210111,AL,404000,5347,37587,2100
20210110,AL,401900,5334,36754,2750
20210109,AL,399150,5299,36754,4863
20210108,AL,394287,5191,36754,5057
20210107,AL,389230,5080,36411,5046
20210106,AL,384184,4994,36059,4591
20210105,AL,379593,4886,35430,5498
20210104,AL,374095,4878,35430,2161
20210103,AL,371934,4873,34373,2476
20210102,AL,369458,4872,34373,3711
20210101,AL,365747,4872,34373,4521
20201231,AL,361226,4827,34184,4406
20201230,AL,356820,4774,33831,5016
20201229,AL,351804,4737,33452,3907
20201228,AL,347897,4712,32999,2269
20201227,AL,345628,4691,32115,2170
20201226,AL,343458,4685,32115,1032
20201225,AL,342426,4680,31954,3625
20201224,AL,338801,4676,31954,4232
20201223,AL,334569,4587,31651,4758
20201222,AL,329811,4452,31305,4979
20201221,AL,324832,4389,30994,2380
20201220,AL,322452,4389,30224,2548
20201219,AL,319904,4389,30224,4221
20201218,AL,315683,4296,30224,5348
20201217,AL,310335,4254,29559,4695
20201216,AL,305640,4198,29559,4107
20201215,AL,301533,4124,29259,3638
20201214,AL,297895,4102,28913,2264
20201213,AL,295631,4102,28146,2790
20201212,AL,292841,4102,28146,4066
20201211,AL,288775,4086,28146,3853
20201210,AL,284922,4034,27618,4735
20201209,AL,280187,3985,27618,3522
20201208,AL,276665,3942,27323,4436
20201207,AL,272229,3892,27044,2352
20201206,AL,269877,3889,26331,2288
20201205,AL,267589,3877,26331,3390
20201204,AL,264199,3831,26331,3840
20201203,AL,260359,3776,26062,3531
20201202,AL,256828,3711,25821,3928
20201201,AL,252900,3638,25610,3376
20201130,AL,249524,3578,25338,2295
20201129,AL,247229,3577,24670,2236
20201128,AL,244993,3572,24670,2119
20201127,AL,242874,3572,24451,917
20201126,AL,241957,3572,24401,2639
20201125,AL,239318,3532,24376,2453
20201124,AL,236865,3472,24160,2785
20201123,AL,234080,3459,23942,1574
20201122,AL,232506,3457,23449,1798
20201121,AL,230708,3457,23449,2335
20201120,AL,228373,3451,23449,2463
20201119,AL,225910,3419,23295,2424
20201118,AL,223486,3347,23088,2638
20201117,AL,220848,3301,22716,1616
20201116,AL,219232,3249,22716,1410
20201115,AL,217822,3248,22275,1979
20201114,AL,215843,3246,22275,2226
20201113,AL,213617,3231,22275,2980
20201112,AL,210637,3213,22190,2000
20201111,AL,208637,3201,21886,2070
20201110,AL,206567,3120,21886,1710
20201109,AL,204857,3084,21294,1170
20201108,AL,203687,3084,21294,1205
20201107,AL,202482,3082,21294,1768
20201106,AL,200714,3049,21294,1556
20201105,AL,199158,3026,21027,1381
20201104,AL,197777,3006,21027,1848
20201103,AL,195929,2987,20901,1037
20201102,AL,194892,2973,20450,907
20201101,AL,193985,2973,20450,1700
20201031,AL,192285,2967,20450,1789
20201030,AL,190496,2932,20450,1347
20201029,AL,189149,2914,20246,1443
20201028,AL,187706,2911,20116,1269
20201027,AL,186437,2892,19974,1115
20201026,AL,185322,2866,19974,967
20201025,AL,184355,2866,19595,1079
20201024,AL,183276,2866,19595,2360
20201023,AL,180916,2859,19595,3852
20201022,AL,177064,2843,19448,2536
20201021,AL,174528,2805,19330,0
20201020,AL,174528,2805,19081,1043
20201019,AL,173485,2789,19081,859
20201018,AL,172626,2788,18855,964
20201017,AL,171662,2788,18855,1288
20201016,AL,170374,2786,18855,1212
20201015,AL,169162,2756,18635,1185
20201014,AL,167977,2706,18635,784
20201013,AL,167193,2665,18440,1117
20201012,AL,166076,2665,18179,734
20201011,AL,165342,2664,18179,816
20201010,AL,164526,2664,18179,1061
20201009,AL,163465,2653,17989,1490
20201008,AL,161975,2637,17989,557
20201007,AL,161418,2601,17915,941
20201006,AL,160477,2580,17699,764
20201005,AL,159713,2559,17699,544
20201004,AL,159169,2558,17420,789
20201003,AL,158380,2558,17420,1682
20201002,AL,156698,2550,17420,954
20201001,AL,155744,2548,17257,1043
20200930,AL,154701,2540,17257,1147
20200929,AL,153554,2517,17182,571
20200928,AL,152983,2501,17091,662
20200927,AL,152321,2501,16852,730
20200926,AL,151591,2501,16852,933
20200925,AL,150658,2491,16852,2452
20200924,AL,148206,2506,16778,1053
20200923,AL,147153,2488,16698,569
20200922,AL,146584,2457,16604,804
20200921,AL,145780,2439,16487,818
20200920,AL,144962,2437,16227,798
20200919,AL,144164,2437,16227,1301
20200918,AL,142863,2428,16227,1106
20200917,AL,141757,2401,16079,670
20200916,AL,141087,2392,15942,927
20200915,AL,140160,2387,15756,701
20200914,AL,139459,2355,15756,704
20200913,AL,138755,2351,15527,1109
20200912,AL,137646,2350,15527,943
20200911,AL,136703,2333,15527,1138
20200910,AL,135565,2301,15339,1148
20200909,AL,134417,2285,15339,811
20200908,AL,133606,2277,15137,633
20200907,AL,132973,2276,14914,659
20200906,AL,132314,2276,14914,511
20200905,AL,131803,2275,14914,1410
20200904,AL,130393,2266,14801,1108
20200903,AL,129285,2233,14801,1046
20200902,AL,128239,2217,14753,623
20200901,AL,127616,2200,14538,1558
20200831,AL,126058,2182,14267,823
20200830,AL,125235,2162,14267,1346
20200829,AL,123889,2152,14267,1704
20200828,AL,122185,2107,14267,1162
20200827,AL,121023,2076,14005,1769
20200826,AL,119254,2045,14005,2012
20200825,AL,117242,2037,13793,532
20200824,AL,116710,2024,13793,1650
20200823,AL,115060,2013,13502,528
20200822,AL,114532,2011,13502,1762
20200821,AL,112770,1990,13330,321
20200820,AL,112449,1974,13330,971
20200819,AL,111478,1944,13080,1117
20200818,AL,110361,1936,12958,1357
20200817,AL,109004,1925,12958,571
20200816,AL,108433,1898,12607,853
20200815,AL,107580,1896,12607,1271
20200814,AL,106309,1893,12456,752
20200813,AL,105557,1890,12456,771
20200812,AL,104786,1882,12292,935
20200811,AL,103851,1847,12070,831
20200810,AL,103020,1797,12070,1686
20200809,AL,101334,1768,11537,2947
20200808,AL,98387,1735,11537,86
20200807,AL,98301,1735,11537,1709
20200806,AL,96592,1714,11313,1938
20200805,AL,94654,1695,11100,952
20200804,AL,93702,1666,11100,1041
20200803,AL,92661,1633,10865,1217
20200802,AL,91444,1627,10521,2095
20200801,AL,89349,1603,10521,1626
20200731,AL,87723,1580,10521,1961
20200730,AL,85762,1565,10070,1980
20200729,AL,83782,1538,9893,1416
20200728,AL,82366,1491,9893,1251
20200727,AL,81115,1491,9694,1821
20200726,AL,79294,1473,9157,1164
20200725,AL,78130,1456,9157,2125
20200724,AL,76005,1438,9157,1793
20200723,AL,74212,1397,8995,2399
20200722,AL,71813,1364,8538,1455
20200721,AL,70358,1303,8538,1467
20200720,AL,68891,1291,8368,1880
20200719,AL,67011,1287,7782,1777
20200718,AL,65234,1286,7782,2143
20200717,AL,63091,1265,7584,2003
20200716,AL,61088,1230,7584,2021
20200715,AL,59067,1211,7291,1812
20200714,AL,57255,1164,7123,1710
20200713,AL,55545,1124,6745,1958
20200712,AL,53587,1121,6745,1640
20200711,AL,51947,1114,6745,1439
20200710,AL,50508,1104,3089,1334
20200709,AL,49174,1068,3039,2212
20200708,AL,46962,1058,3006,1177
20200707,AL,45785,1033,2961,907
20200706,AL,44878,1007,2914,925
20200705,AL,43953,1007,2909,1091
20200704,AL,42862,1007,2906,997
20200703,AL,41865,1006,2883,1754
20200702,AL,40111,985,2835,1149
20200701,AL,38962,972,2803,917
20200630,AL,38045,950,2769,870
20200629,AL,37175,929,2725,1734
20200628,AL,35441,919,2703,358
20200627,AL,35083,919,2697,900
20200626,AL,34183,907,2653,977
20200625,AL,33206,896,2612,1142
20200624,AL,32064,891,2567,967
20200623,AL,31097,864,2521,643
20200622,AL,30454,841,2471,433
20200621,AL,30021,839,2460,472
20200620,AL,29549,838,2443,547
20200619,AL,29002,822,2416,796
20200618,AL,28206,810,2373,894
20200617,AL,27312,790,2352,400
20200616,AL,26912,785,2315,640
20200615,AL,26272,774,2259,657
20200614,AL,25615,773,2255,1014
20200613,AL,24601,773,2241,891
20200612,AL,23710,769,2202,865
20200611,AL,22845,755,2165,856
20200610,AL,21989,744,2129,567
20200609,AL,21422,729,2087,497
20200608,AL,20925,718,2054,425
20200607,AL,20500,692,2022,457
20200606,AL,20043,689,1993,656
20200605,AL,19387,676,1949,315
20200604,AL,19072,653,1929,221
20200603,AL,18851,653,1900,209
20200602,AL,18642,651,1879,279
20200601,AL,18363,646,1856,460
20200531,AL,17903,631,1844,544
20200530,AL,17359,618,1826,536
20200529,AL,16823,605,1800,513
20200528,AL,16310,590,1765,467
20200527,AL,15843,581,1719,447
20200526,AL,15396,575,1671,666
20200525,AL,14730,562,1629,403
20200524,AL,14327,551,1612,389
20200523,AL,13938,546,1589,375
20200522,AL,13563,537,1561,444
20200521,AL,13119,529,1528,375
20200520,AL,12744,517,1493,368
20200519,AL,12376,504,1453,290
20200518,AL,12086,489,1416,315
20200517,AL,11771,488,1392,248
20200516,AL,11523,485,1387,307
20200515,AL,11216,476,1377,248
20200514,AL,10968,467,1350,351
20200513,AL,10617,449,1317,307
20200512,AL,10310,429,1287,301
20200511,AL,10009,401,1256,232
20200510,AL,9777,393,1240,210
20200509,AL,9567,388,1228,346
20200508,AL,9221,375,1207,323
20200507,AL,8898,349,1178,317
20200506,AL,8581,340,1158,296
20200505,AL,8285,313,1107,260
20200504,AL,8025,296,1064,300
20200503,AL,7725,290,1035,291
20200502,AL,7434,288,1023,276
20200501,AL,7158,279,1008,139
20200430,AL,7019,269,978,177
20200429,AL,6842,245,945,155
20200428,AL,6687,242,911,188
20200427,AL,6499,222,872,229
20200426,AL,6270,216,845,133
20200425,AL,6137,212,839,305
20200424,AL,5832,197,768,54
20200423,AL,5778,197,768,313
20200422,AL,5465,194,730,234
20200421,AL,5231,177,699,206
20200420,AL,5025,167,641,188
20200419,AL,4837,154,641,182
20200418,AL,4655,146,620,125
20200417,AL,4530,144,594,185
20200416,AL,4345,133,553,232
20200415,AL,4113,121,525,237
20200414,AL,3876,110,493,142
20200413,AL,3734,99,457,209
20200412,AL,3525,93,437,334
20200411,AL,3191,91,402,223
20200410,AL,2968,80,368,199
20200409,AL,2769,74,333,400
20200408,AL,2369,66,314,250
20200407,AL,2119,56,271,151
20200406,AL,1968,50,240,172
20200405,AL,1796,45,231,216
20200404,AL,1580,43,212,148
20200403,AL,1432,35,0,199
20200402,AL,1233,32,0,156
20200401,AL,1077,26,0,96
20200331,AL,981,13,0,122
20200330,AL,859,6,0,53
20200329,AL,806,4,0,110
20200328,AL,696,3,0,109
20200327,AL,587,3,0,81
20200326,AL,506,1,0,223
20200325,AL,283,0,0,68
20200324,AL,215,0,0,48
20200323,AL,167,0,0,29
20200322,AL,138,0,0,14
20200321,AL,124,0,0,43
20200320,AL,81,0,0,13
20200319,AL,68,0,0,22
20200318,AL,46,0,0,10
20200317,AL,36,0,0,8
20200316,AL,28,0,0,16
20200315,AL,12,0,0,6
20200314,AL,6,0,0,5
20200313,AL,1,0,0,1
20200312,AL,0,0,0,0
20200311,AL,0,0,0,0
20200310,AL,0,0,0,0
20200309,AL,0,0,0,0
20200308,AL,0,0,0,0
20200307,AL,0,0,0,0
