date,state,positive,death,hospitalized,positiveIncrease
20210202,CT,256522,7133,12257,2568
20210201,CT,253954,7119,12257,3931
20210131,CT,250023,7046,12257,0
20210130,CT,250023,7046,12257,0
20210129,CT,250023,7046,12257,1258
20210128,CT,248765,7020,12257,1426
20210127,CT,247339,6976,12257,2440
20210126,CT,244899,6934,12257,1267
20210125,CT,243632,6911,12257,5817
20210124,CT,237815,6819,12257,0
20210123,CT,237815,6819,12257,0
20210122,CT,237815,6819,12257,2019
20210121,CT,235796,6774,12257,1662
20210120,CT,234134,6726,12257,1915
20210119,CT,232219,6682,12257,2094
20210118,CT,230125,6670,12257,6703
20210117,CT,223422,6594,12257,0
20210116,CT,223422,6594,12257,0
20210115,CT,223422,6594,12257,1878
20210114,CT,221544,6553,12257,968
20210113,CT,220576,6536,12257,3529
20210112,CT,217047,6449,12257,3689
20210111,CT,213358,6416,12257,7364
20210110,CT,205994,6324,12257,0
20210109,CT,205994,6324,12257,0
20210108,CT,205994,6324,12257,3236
20210107,CT,202758,6287,12257,3304
20210106,CT,199454,6230,12257,2486
20210105,CT,196968,6192,12257,2332
20210104,CT,194636,6168,12257,4516
20210103,CT,190120,6099,12257,0
20210102,CT,190120,6099,12257,4412
20210101,CT,185708,5995,12257,0
20201231,CT,185708,5995,12257,2045
20201230,CT,183663,5964,12257,1696
20201229,CT,181967,5924,12257,767
20201228,CT,181200,5904,12257,8457
20201227,CT,172743,5791,12257,0
20201226,CT,172743,5791,12257,0
20201225,CT,172743,5791,12257,0
20201224,CT,172743,5791,12257,2038
20201223,CT,170705,5736,12257,1745
20201222,CT,168960,5703,12257,1583
20201221,CT,167377,5676,12257,4595
20201220,CT,162782,5581,12257,0
20201219,CT,162782,5581,12257,0
20201218,CT,162782,5581,12257,2680
20201217,CT,160102,5552,12257,2321
20201216,CT,157781,5506,12257,2319
20201215,CT,155462,5466,12257,1470
20201214,CT,153992,5444,12257,7231
20201213,CT,146761,5363,12257,0
20201212,CT,146761,5363,12257,0
20201211,CT,146761,5363,12257,3782
20201210,CT,142979,5327,12257,2431
20201209,CT,140548,5285,12257,2290
20201208,CT,138258,5242,12257,2414
20201207,CT,135844,5224,12257,8129
20201206,CT,127715,5146,12257,0
20201205,CT,127715,5146,12257,0
20201204,CT,127715,5146,12257,1538
20201203,CT,126177,5111,12257,4751
20201202,CT,121426,5091,12257,2672
20201201,CT,118754,5040,12257,1459
20201130,CT,117295,5020,12257,4714
20201129,CT,112581,4961,12257,0
20201128,CT,112581,4961,12257,0
20201127,CT,112581,4961,12257,3429
20201126,CT,109152,4926,12257,0
20201125,CT,109152,4926,12257,1872
20201124,CT,107280,4881,12257,540
20201123,CT,106740,4871,12257,5271
20201122,CT,101469,4828,12257,0
20201121,CT,101469,4828,12257,0
20201120,CT,101469,4828,12257,2088
20201119,CT,99381,4805,12257,2353
20201118,CT,97028,4784,12257,2042
20201117,CT,94986,4771,12257,1702
20201116,CT,93284,4759,12257,4639
20201115,CT,88645,4737,12257,0
20201114,CT,88645,4737,12257,0
20201113,CT,88645,4737,12257,2746
20201112,CT,85899,4726,12257,1158
20201111,CT,84741,4716,12257,1754
20201110,CT,82987,4707,12257,1524
20201109,CT,81463,4698,12257,3338
20201108,CT,78125,4671,12257,0
20201107,CT,78125,4671,12257,0
20201106,CT,78125,4671,12257,1065
20201105,CT,77060,4656,12257,1687
20201104,CT,75373,4645,12257,1515
20201103,CT,73858,4627,12257,0
20201102,CT,73858,4627,12257,2651
20201101,CT,71207,4616,12257,0
20201031,CT,71207,4616,12257,0
20201030,CT,71207,4616,12257,761
20201029,CT,70446,4609,12257,1319
20201028,CT,69127,4604,12257,490
20201027,CT,68637,4595,12257,538
20201026,CT,68099,4589,12257,2047
20201025,CT,66052,4577,12257,0
20201024,CT,66052,4577,12257,0
20201023,CT,66052,4577,12257,679
20201022,CT,65373,4569,12257,502
20201021,CT,64871,4567,12043,416
20201020,CT,64455,4559,12043,434
20201019,CT,64021,4554,12043,1191
20201018,CT,62830,4542,12043,0
20201017,CT,62830,4542,12043,0
20201016,CT,62830,4542,12043,802
20201015,CT,62028,4540,12043,167
20201014,CT,61861,4537,11845,164
20201013,CT,61697,4533,11845,320
20201012,CT,61377,4532,11845,1339
20201011,CT,60038,4530,11845,0
20201010,CT,60038,4530,11845,0
20201009,CT,60038,4530,11845,290
20201008,CT,59748,4527,11845,384
20201007,CT,59364,4522,11699,123
20201006,CT,59241,4521,11699,121
20201005,CT,59120,4517,11699,823
20201004,CT,58297,4513,11699,0
20201003,CT,58297,4513,11699,0
20201002,CT,58297,4513,11699,555
20201001,CT,57742,4511,11699,192
20200930,CT,57550,4508,11560,221
20200929,CT,57329,4505,11560,182
20200928,CT,57147,4503,11560,560
20200927,CT,56587,4501,11560,0
20200926,CT,56587,4501,11560,0
20200925,CT,56587,4501,11560,115
20200924,CT,56472,4499,11560,157
20200923,CT,56315,4497,11447,155
20200922,CT,56160,4496,11447,136
20200921,CT,56024,4495,11447,497
20200920,CT,55527,4492,11447,0
20200919,CT,55527,4492,11447,0
20200918,CT,55527,4492,11447,141
20200917,CT,55386,4488,11447,220
20200916,CT,55166,4487,11357,135
20200915,CT,55031,4485,11357,136
20200914,CT,54895,4485,11357,569
20200913,CT,54326,4480,11357,0
20200912,CT,54326,4480,11357,0
20200911,CT,54326,4480,11357,233
20200910,CT,54093,4478,11357,222
20200909,CT,53871,4474,11275,89
20200908,CT,53782,4474,11275,417
20200907,CT,53365,4468,11275,0
20200906,CT,53365,4468,11275,0
20200905,CT,53365,4468,11275,0
20200904,CT,53365,4468,11275,156
20200903,CT,53209,4468,11275,101
20200902,CT,53108,4467,11180,102
20200901,CT,53006,4466,11180,127
20200831,CT,52879,4465,11180,384
20200830,CT,52495,4465,11180,0
20200829,CT,52495,4465,11180,0
20200828,CT,52495,4465,11180,145
20200827,CT,52350,4465,11180,130
20200826,CT,52220,4463,11087,180
20200825,CT,52040,4463,11087,29
20200824,CT,52011,4460,11087,492
20200823,CT,51519,4460,11087,0
20200822,CT,51519,4460,11087,0
20200821,CT,51519,4460,11087,87
20200820,CT,51432,4458,11087,118
20200819,CT,51314,4457,11015,59
20200818,CT,51255,4456,11015,-12
20200817,CT,51267,4456,11015,370
20200816,CT,50897,4453,11015,0
20200815,CT,50897,4453,11015,0
20200814,CT,50897,4453,11015,115
20200813,CT,50782,4450,11015,76
20200812,CT,50706,4450,10920,22
20200811,CT,50684,4444,10920,117
20200810,CT,50567,4444,10920,247
20200809,CT,50320,4441,10920,0
20200808,CT,50320,4441,10920,0
20200807,CT,50320,4441,10920,75
20200806,CT,50245,4437,10920,20
20200805,CT,50225,4437,10807,115
20200804,CT,50110,4437,10807,48
20200803,CT,50062,4437,10807,252
20200802,CT,49810,4432,10807,0
20200801,CT,49810,4432,10807,0
20200731,CT,49810,4432,10807,140
20200730,CT,49670,4431,10807,130
20200729,CT,49540,4425,10712,463
20200728,CT,49077,4423,10712,94
20200727,CT,48983,4418,10712,207
20200726,CT,48776,4413,10712,0
20200725,CT,48776,4413,10712,0
20200724,CT,48776,4413,10712,544
20200723,CT,48232,4410,10712,9
20200722,CT,48223,4406,10654,127
20200721,CT,48096,4406,10654,41
20200720,CT,48055,4406,10654,162
20200719,CT,47893,4396,10654,0
20200718,CT,47893,4396,10654,0
20200717,CT,47893,4396,10654,143
20200716,CT,47750,4389,10654,114
20200715,CT,47636,4380,10552,106
20200714,CT,47530,4372,10552,20
20200713,CT,47510,4371,10552,223
20200712,CT,47287,4348,10552,0
20200711,CT,47287,4348,10552,0
20200710,CT,47287,4348,10552,78
20200709,CT,47209,4348,10552,101
20200708,CT,47108,4343,10411,75
20200707,CT,47033,4338,10411,57
20200706,CT,46976,4338,10411,259
20200705,CT,46717,4335,10411,0
20200704,CT,46717,4335,10411,0
20200703,CT,46717,4335,10411,71
20200702,CT,46646,4326,10411,74
20200701,CT,46572,4324,10268,58
20200630,CT,46514,4322,10268,152
20200629,CT,46362,4320,10268,59
20200628,CT,46303,4316,10268,97
20200627,CT,46206,4311,10268,147
20200626,CT,46059,4307,10268,65
20200625,CT,45994,4298,10268,81
20200624,CT,45913,4287,10099,14
20200623,CT,45899,4277,10099,117
20200622,CT,45782,4263,10099,27
20200621,CT,45755,4260,10099,40
20200620,CT,45715,4251,10099,158
20200619,CT,45557,4238,10099,117
20200618,CT,45440,4226,10099,11
20200617,CT,45429,4219,9912,80
20200616,CT,45349,4210,9912,114
20200615,CT,45235,4204,9912,147
20200614,CT,45088,4201,9912,94
20200613,CT,44994,4186,9912,305
20200612,CT,44689,4159,9912,228
20200611,CT,44461,4146,9912,114
20200610,CT,44347,4120,9669,168
20200609,CT,44179,4097,9669,87
20200608,CT,44092,4084,9669,124
20200607,CT,43968,4071,9669,150
20200606,CT,43818,4055,9669,358
20200605,CT,43460,4038,9669,221
20200604,CT,43239,4007,9669,148
20200603,CT,43091,3989,13793,112
20200602,CT,42979,3972,13793,236
20200601,CT,42743,3964,13793,542
20200531,CT,42201,3944,12538,179
20200530,CT,42022,3912,12538,260
20200529,CT,41762,3868,12538,203
20200528,CT,41559,3826,12538,271
20200527,CT,41288,3803,12538,-15
20200526,CT,41303,3769,12538,430
20200525,CT,40873,3742,12538,405
20200524,CT,40468,3693,12538,446
20200523,CT,40022,3675,12538,382
20200522,CT,39640,3637,12538,432
20200521,CT,39208,3582,10946,191
20200520,CT,39017,3529,10946,587
20200519,CT,38430,3472,10946,314
20200518,CT,38116,3449,10946,697
20200517,CT,37419,3408,10946,716
20200516,CT,36703,3339,10946,618
20200515,CT,36085,3285,10946,621
20200514,CT,35464,3219,10946,609
20200513,CT,34855,3125,9389,522
20200512,CT,34333,3041,9389,568
20200511,CT,33765,3008,9389,211
20200510,CT,33554,2967,9389,570
20200509,CT,32984,2932,9389,573
20200508,CT,32411,2874,9389,627
20200507,CT,31784,2797,9389,789
20200506,CT,30995,2718,7758,374
20200505,CT,30621,2633,7758,1334
20200504,CT,29287,2495,7758,0
20200503,CT,29287,2436,7758,523
20200502,CT,28764,2339,7758,0
20200501,CT,28764,2339,7758,1064
20200430,CT,27700,2257,0,933
20200429,CT,26767,2168,0,455
20200428,CT,26312,2089,0,1043
20200427,CT,25269,1998,0,0
20200426,CT,25269,1924,0,687
20200425,CT,24582,1862,0,661
20200424,CT,23921,1764,0,821
20200423,CT,23100,1639,0,631
20200422,CT,22469,1544,0,2109
20200421,CT,20360,1423,0,545
20200420,CT,19815,1331,0,2265
20200419,CT,17550,1086,0,741
20200418,CT,16809,1036,0,0
20200417,CT,16809,1036,0,925
20200416,CT,15884,971,0,1129
20200415,CT,14755,868,0,766
20200414,CT,13989,671,0,608
20200413,CT,13381,602,0,1346
20200412,CT,12035,554,0,525
20200411,CT,11510,494,0,972
20200410,CT,10538,448,0,754
20200409,CT,9784,380,0,2003
20200408,CT,7781,277,0,0
20200407,CT,7781,277,0,875
20200406,CT,6906,206,0,1231
20200405,CT,5675,189,0,399
20200404,CT,5276,165,0,362
20200403,CT,4914,131,0,1090
20200402,CT,3824,112,0,267
20200401,CT,3557,85,0,429
20200331,CT,3128,69,0,557
20200330,CT,2571,36,0,578
20200329,CT,1993,34,0,469
20200328,CT,1524,33,0,233
20200327,CT,1291,27,0,279
20200326,CT,1012,21,0,137
20200325,CT,875,19,0,257
20200324,CT,618,12,0,203
20200323,CT,415,10,0,192
20200322,CT,223,5,0,29
20200321,CT,194,4,0,0
20200320,CT,194,3,0,98
20200319,CT,96,1,0,28
20200318,CT,68,0,0,27
20200317,CT,41,0,0,15
20200316,CT,26,0,0,6
20200315,CT,20,0,0,9
20200314,CT,11,0,0,5
20200313,CT,6,0,0,0
20200312,CT,6,0,0,3
20200311,CT,3,0,0,1
20200310,CT,2,0,0,1
20200309,CT,1,0,0,0
20200308,CT,1,0,0,1
20200307,CT,0,0,0,0
