date,state,positive,death,hospitalized,positiveIncrease
20210202,KY,366938,3812,16814,2431
20210201,KY,364507,3780,16725,1617
20210131,KY,362890,3745,16687,1766
20210130,KY,361124,3714,16659,2646
20210129,KY,358478,3668,16546,2601
20210128,KY,355877,3611,16404,2934
20210127,KY,352943,3542,16101,2415
20210126,KY,350528,3495,16002,2692
20210125,KY,347836,3460,15919,1250
20210124,KY,346586,3421,15889,2018
20210123,KY,344568,3386,15855,3789
20210122,KY,340779,3337,15760,2745
20210121,KY,338034,3301,15692,3713
20210120,KY,334321,3243,15562,3414
20210119,KY,330907,3194,15441,2239
20210118,KY,328668,3167,15347,1993
20210117,KY,326675,3127,15246,2350
20210116,KY,324325,3093,15246,3055
20210115,KY,321270,3061,15102,3925
20210114,KY,317345,3042,15022,4063
20210113,KY,313282,2991,14892,4553
20210112,KY,308729,2944,14738,3022
20210111,KY,305707,2922,14621,2082
20210110,KY,303625,2901,14560,3227
20210109,KY,300398,2876,14511,4231
20210108,KY,296167,2856,14359,4737
20210107,KY,291430,2843,14251,4889
20210106,KY,286541,2806,14039,5705
20210105,KY,280836,2772,13850,1693
20210104,KY,279143,2749,13794,2317
20210103,KY,276826,2723,13739,2855
20210102,KY,273971,2698,13686,8709
20210101,KY,265262,2623,13488,0
20201231,KY,265262,2623,13488,0
20201230,KY,265262,2623,13488,3770
20201229,KY,261492,2594,13224,2975
20201228,KY,258517,2563,13099,1454
20201227,KY,257063,2555,13067,1500
20201226,KY,255563,2534,13035,5283
20201225,KY,250280,2466,12827,0
20201224,KY,250280,2466,12827,0
20201223,KY,250280,2466,12827,2936
20201222,KY,247344,2440,12675,3047
20201221,KY,244297,2412,12515,1976
20201220,KY,242321,2397,12483,1757
20201219,KY,240564,2371,12445,3374
20201218,KY,237190,2344,12184,3169
20201217,KY,234021,2316,12129,3328
20201216,KY,230693,2262,11726,2875
20201215,KY,227818,2239,11589,2928
20201214,KY,224890,2224,11463,1786
20201213,KY,223104,2207,11306,2444
20201212,KY,220660,2192,11306,3540
20201211,KY,217120,2168,11192,3670
20201210,KY,213450,2146,11058,4314
20201209,KY,209136,2118,10986,3468
20201208,KY,205668,2102,10840,3076
20201207,KY,202592,2082,10736,1960
20201206,KY,200632,2072,10678,2567
20201205,KY,198065,2062,10678,3872
20201204,KY,194193,2039,10560,3592
20201203,KY,190601,2014,10311,3836
20201202,KY,186765,1980,10190,3597
20201201,KY,183168,1943,10190,4127
20201130,KY,179041,1908,10054,2116
20201129,KY,176925,1896,9981,2743
20201128,KY,174182,1885,9981,2427
20201127,KY,171755,1871,9907,5616
20201126,KY,166139,1835,9756,0
20201125,KY,166139,1835,9756,3301
20201124,KY,162838,1809,9623,2606
20201123,KY,160232,1792,9530,2132
20201122,KY,158100,1787,9411,2192
20201121,KY,155908,1783,9411,3702
20201120,KY,152206,1762,9286,3816
20201119,KY,148390,1742,9163,3637
20201118,KY,144753,1712,9052,2745
20201117,KY,142008,1697,8948,2911
20201116,KY,139097,1664,8874,1511
20201115,KY,137586,1661,8783,1449
20201114,KY,136137,1658,8783,3293
20201113,KY,132844,1647,8652,3164
20201112,KY,129680,1622,8567,2336
20201111,KY,127344,1604,8403,2698
20201110,KY,124646,1590,8403,2079
20201109,KY,122567,1576,8274,1729
20201108,KY,120838,1565,7844,1177
20201107,KY,119661,1561,7844,2156
20201106,KY,117505,1544,7708,2228
20201105,KY,115277,1534,7581,2268
20201104,KY,113009,1514,7447,1630
20201103,KY,111379,1503,7344,1709
20201102,KY,109670,1492,7205,1028
20201101,KY,108642,1489,7210,1423
20201031,KY,107219,1485,7210,1977
20201030,KY,105242,1476,7098,1937
20201029,KY,103305,1461,7069,1811
20201028,KY,101494,1442,7008,1857
20201027,KY,99637,1428,6947,1771
20201026,KY,97866,1410,6895,924
20201025,KY,96942,1407,6865,1462
20201024,KY,95480,1404,6865,1732
20201023,KY,93748,1396,6816,1449
20201022,KY,92299,1380,6761,1303
20201021,KY,90996,1363,6721,1452
20201020,KY,89544,1342,6665,1297
20201019,KY,88247,1326,6616,640
20201018,KY,87607,1317,6592,810
20201017,KY,86797,1312,6592,1291
20201016,KY,85506,1300,6545,1311
20201015,KY,84195,1296,6506,1182
20201014,KY,83013,1276,6479,1322
20201013,KY,81691,1269,6259,761
20201012,KY,80930,1255,6121,638
20201011,KY,80292,1252,6094,847
20201010,KY,79445,1249,6094,989
20201009,KY,78456,1242,6033,1001
20201008,KY,77455,1234,5814,868
20201007,KY,76587,1223,5679,2393
20201006,KY,74194,1218,5622,1036
20201005,KY,73158,1214,5557,541
20201004,KY,72617,1209,5362,616
20201003,KY,72001,1205,5362,1274
20201002,KY,70727,1197,5334,999
20201001,KY,69728,1191,5315,888
20200930,KY,68840,1174,5279,984
20200929,KY,67856,1170,5250,917
20200928,KY,66939,1162,5208,448
20200927,KY,66491,1157,5193,455
20200926,KY,66036,1154,5193,970
20200925,KY,65066,1149,5147,908
20200924,KY,64158,1137,5119,641
20200923,KY,63517,1124,5095,786
20200922,KY,62731,1119,5075,814
20200921,KY,61917,1112,5051,375
20200920,KY,61542,1111,5026,436
20200919,KY,61106,1108,5026,978
20200918,KY,60128,1101,5002,758
20200917,KY,59370,1093,4976,606
20200916,KY,58764,1082,4927,764
20200915,KY,58000,1074,4924,718
20200914,KY,57282,1065,4905,337
20200913,KY,56945,1060,4886,530
20200912,KY,56415,1057,4886,711
20200911,KY,55704,1044,4862,932
20200910,KY,54772,1035,4835,795
20200909,KY,53977,1013,4777,658
20200908,KY,53319,997,4730,255
20200907,KY,53064,996,4728,290
20200906,KY,52774,996,4713,310
20200905,KY,52464,993,4713,787
20200904,KY,51677,987,4699,792
20200903,KY,50885,976,4684,894
20200902,KY,49991,966,4652,806
20200901,KY,49185,948,4616,789
20200831,KY,48396,933,4580,364
20200830,KY,48032,930,4560,455
20200829,KY,47577,921,4560,820
20200828,KY,46757,918,4532,779
20200827,KY,45978,910,4501,748
20200826,KY,45230,902,4446,662
20200825,KY,44568,895,4446,669
20200824,KY,43899,885,4399,370
20200823,KY,43529,881,4362,1264
20200822,KY,42265,864,4362,0
20200821,KY,42265,864,4362,639
20200820,KY,41626,856,4349,700
20200819,KY,40926,842,4301,627
20200818,KY,40299,830,4252,608
20200817,KY,39691,818,4215,376
20200816,KY,39315,813,4193,385
20200815,KY,38930,810,4193,632
20200814,KY,38298,804,4158,612
20200813,KY,37686,796,4116,741
20200812,KY,36945,790,4091,1152
20200811,KY,35793,783,4063,539
20200810,KY,35254,775,4024,272
20200809,KY,34982,773,4002,404
20200808,KY,34578,772,4002,782
20200807,KY,33796,764,3975,542
20200806,KY,33254,760,3924,513
20200805,KY,32741,752,3903,544
20200804,KY,32197,751,3851,689
20200803,KY,31508,744,3815,323
20200802,KY,31185,742,3782,462
20200801,KY,30723,740,3782,572
20200731,KY,30151,735,3314,765
20200730,KY,29386,731,3304,659
20200729,KY,28727,724,3281,601
20200728,KY,28126,719,3279,525
20200727,KY,27601,709,3276,522
20200726,KY,27079,700,3266,315
20200725,KY,26764,696,3266,833
20200724,KY,25931,691,3248,784
20200723,KY,25147,684,2921,607
20200722,KY,24540,677,2914,480
20200721,KY,24060,674,2900,646
20200720,KY,23414,671,2882,253
20200719,KY,23161,670,2880,977
20200718,KY,22184,667,2875,579
20200717,KY,21605,658,2864,522
20200716,KY,21083,650,2842,406
20200715,KY,20677,645,2823,454
20200714,KY,20223,635,2802,570
20200713,KY,19653,629,2791,264
20200712,KY,19389,625,2779,268
20200711,KY,19121,622,2779,451
20200710,KY,18670,620,2763,425
20200709,KY,18245,612,2747,326
20200708,KY,17919,608,2737,400
20200707,KY,17519,602,2708,367
20200706,KY,17152,593,2699,776
20200705,KY,16376,585,2685,0
20200704,KY,16376,585,2685,0
20200703,KY,16376,585,2685,297
20200702,KY,16079,581,2662,237
20200701,KY,15842,572,2635,218
20200630,KY,15624,565,2621,277
20200629,KY,15347,560,2602,115
20200628,KY,15232,558,2590,373
20200627,KY,14859,553,2589,0
20200626,KY,14859,553,2589,242
20200625,KY,14617,546,2584,254
20200624,KY,14363,538,2574,222
20200623,KY,14141,537,2556,302
20200622,KY,13839,526,2532,89
20200621,KY,13750,526,2522,120
20200620,KY,13630,524,2522,176
20200619,KY,13454,522,2494,257
20200618,KY,13197,520,2482,202
20200617,KY,12995,518,2455,166
20200616,KY,12829,512,2436,182
20200615,KY,12647,505,2433,202
20200614,KY,12445,499,2433,0
20200613,KY,12445,499,2433,500
20200612,KY,11945,493,2406,0
20200611,KY,11945,493,2406,62
20200610,KY,11883,484,2396,175
20200609,KY,11708,477,2386,232
20200608,KY,11476,472,2368,189
20200607,KY,11287,470,2361,0
20200606,KY,11287,470,2361,310
20200605,KY,10977,466,2345,272
20200604,KY,10705,458,2332,295
20200603,KY,10410,450,2317,225
20200602,KY,10185,442,2307,139
20200601,KY,10046,439,2274,342
20200531,KY,9704,431,2272,240
20200530,KY,9464,418,2266,280
20200529,KY,9184,409,2180,107
20200528,KY,9077,400,2142,0
20200527,KY,9077,400,2136,506
20200526,KY,8571,391,2131,0
20200525,KY,8571,391,2131,0
20200524,KY,8571,391,2131,145
20200523,KY,8426,391,2076,140
20200522,KY,8286,386,2041,11
20200521,KY,8275,376,2016,206
20200520,KY,8069,366,2010,0
20200519,KY,8069,366,1980,381
20200518,KY,7688,334,1896,0
20200517,KY,7688,334,1896,244
20200516,KY,7444,332,1896,219
20200515,KY,7225,328,1887,145
20200514,KY,7080,326,1835,227
20200513,KY,6853,321,1825,176
20200512,KY,6677,311,1767,237
20200511,KY,6440,304,1757,0
20200510,KY,6440,304,1757,152
20200509,KY,6288,298,1696,159
20200508,KY,6129,294,1684,195
20200507,KY,5934,283,1616,112
20200506,KY,5822,275,1603,577
20200505,KY,5245,261,1529,115
20200504,KY,5130,253,1519,251
20200503,KY,4879,248,1411,0
20200502,KY,4879,248,1411,171
20200501,KY,4708,240,1375,169
20200430,KY,4539,235,1359,164
20200429,KY,4375,225,1331,229
20200428,KY,4146,213,1281,72
20200427,KY,4074,208,1274,169
20200426,KY,3905,205,1266,126
20200425,KY,3779,200,1143,298
20200424,KY,3481,191,1115,108
20200423,KY,3373,185,1105,181
20200422,KY,3192,171,1076,142
20200421,KY,3050,154,1059,90
20200420,KY,2960,148,1059,253
20200419,KY,2707,144,1059,185
20200418,KY,2522,137,1008,93
20200417,KY,2429,129,971,138
20200416,KY,2291,122,807,81
20200415,KY,2210,115,687,162
20200414,KY,2048,104,673,85
20200413,KY,1963,97,667,123
20200412,KY,1840,94,459,147
20200411,KY,1693,90,459,0
20200410,KY,1693,90,459,347
20200409,KY,1346,73,0,197
20200408,KY,1149,65,0,141
20200407,KY,1008,59,0,53
20200406,KY,955,45,0,38
20200405,KY,917,40,0,86
20200404,KY,831,37,0,61
20200403,KY,770,31,0,90
20200402,KY,680,20,0,89
20200401,KY,591,17,0,111
20200331,KY,480,11,0,41
20200330,KY,439,9,0,45
20200329,KY,394,9,0,92
20200328,KY,302,8,0,54
20200327,KY,248,6,0,50
20200326,KY,198,4,0,41
20200325,KY,157,4,0,33
20200324,KY,124,4,0,20
20200323,KY,104,3,0,5
20200322,KY,99,3,0,45
20200321,KY,54,2,0,7
20200320,KY,47,1,0,12
20200319,KY,35,1,0,9
20200318,KY,26,1,0,4
20200317,KY,22,1,0,1
20200316,KY,21,1,0,5
20200315,KY,16,1,0,2
20200314,KY,14,1,0,3
20200313,KY,11,0,0,3
20200312,KY,8,0,0,0
20200311,KY,8,0,0,2
20200310,KY,6,0,0,2
20200309,KY,4,0,0,3
20200308,KY,1,0,0,0
20200307,KY,1,0,0,1
20200306,KY,0,0,0,0
