date,state,positive,death,hospitalized,positiveIncrease
20210202,OR,143373,1958,7796,957
20210201,OR,142416,1957,7738,0
20210131,OR,142416,1957,7738,687
20210130,OR,141729,1938,7738,946
20210129,OR,140783,1930,7708,720
20210128,OR,140063,1924,7664,708
20210127,OR,139355,1904,7592,768
20210126,OR,138587,1882,7545,419
20210125,OR,138168,1880,7469,568
20210124,OR,137600,1877,7469,761
20210123,OR,136839,1865,7469,866
20210122,OR,135973,1843,7426,831
20210121,OR,135142,1832,7387,674
20210120,OR,134468,1808,7324,617
20210119,OR,133851,1803,7198,646
20210118,OR,133205,1800,7198,793
20210117,OR,132412,1799,7198,1154
20210116,OR,131258,1758,7198,1012
20210115,OR,130246,1737,7173,1137
20210114,OR,129109,1708,7123,1329
20210113,OR,127780,1667,7052,1173
20210112,OR,126607,1613,6992,924
20210111,OR,125683,1605,6864,1207
20210110,OR,124476,1603,6864,1629
20210109,OR,122847,1575,6864,1762
20210108,OR,121085,1568,6845,862
20210107,OR,120223,1558,6737,735
20210106,OR,119488,1550,6635,1035
20210105,OR,118453,1506,6635,708
20210104,OR,117745,1500,6498,1397
20210103,OR,116348,1492,6498,1009
20210102,OR,115339,1490,6498,1430
20210101,OR,113909,1477,6498,1649
20201231,OR,112260,1468,6455,1033
20201230,OR,111227,1449,6354,682
20201229,OR,110545,1433,6277,820
20201228,OR,109725,1427,6168,1399
20201227,OR,108326,1422,6168,608
20201226,OR,107718,1422,6168,897
20201225,OR,106821,1415,6168,851
20201224,OR,105970,1403,6122,897
20201223,OR,105073,1382,6014,1318
20201222,OR,103755,1347,5940,825
20201221,OR,102930,1341,5837,1116
20201220,OR,101814,1340,5837,1506
20201219,OR,100308,1304,5837,1372
20201218,OR,98936,1283,5745,1314
20201217,OR,97622,1262,5679,1530
20201216,OR,96092,1214,5579,1082
20201215,OR,95010,1161,5503,1157
20201214,OR,93853,1155,5395,1014
20201213,OR,92839,1150,5395,1419
20201212,OR,91420,1138,5395,1582
20201211,OR,89838,1123,5301,1551
20201210,OR,88287,1110,5240,1205
20201209,OR,87082,1080,5064,1294
20201208,OR,85788,1045,5012,1292
20201207,OR,84496,1033,4859,1253
20201206,OR,83243,1027,4859,1806
20201205,OR,81437,1003,4859,2174
20201204,OR,79263,973,4803,1103
20201203,OR,78160,953,4745,1506
20201202,OR,76654,936,4649,1223
20201201,OR,75431,912,4343,1311
20201130,OR,74120,905,4343,1614
20201129,OR,72506,896,4343,1674
20201128,OR,70832,885,4343,826
20201127,OR,70006,882,4262,1503
20201126,OR,68503,867,4262,1170
20201125,OR,67333,847,4176,1000
20201124,OR,66333,826,4120,1163
20201123,OR,65170,820,3970,1502
20201122,OR,63668,819,3970,1493
20201121,OR,62175,812,3970,1302
20201120,OR,60873,808,3935,1204
20201119,OR,59669,788,3888,1099
20201118,OR,58570,778,3805,924
20201117,OR,57646,765,3754,766
20201116,OR,56880,761,3628,862
20201115,OR,56018,759,3628,1081
20201114,OR,54937,753,3628,1058
20201113,OR,53879,746,3584,1109
20201112,OR,52770,742,3553,861
20201111,OR,51909,737,3511,754
20201110,OR,51155,734,3463,707
20201109,OR,50448,730,3378,861
20201108,OR,49587,729,3378,979
20201107,OR,48608,716,3378,769
20201106,OR,47839,710,3334,790
20201105,OR,47049,705,3312,589
20201104,OR,46460,701,3278,482
20201103,OR,45978,692,3251,549
20201102,OR,45429,691,3204,508
20201101,OR,44921,689,3204,532
20201031,OR,44389,675,3204,596
20201030,OR,43793,673,3170,565
20201029,OR,43228,671,3134,420
20201028,OR,42808,664,3111,372
20201027,OR,42436,655,3091,335
20201026,OR,42101,653,3034,362
20201025,OR,41739,653,3034,391
20201024,OR,41348,649,3034,538
20201023,OR,40810,646,3005,367
20201022,OR,40443,635,2989,307
20201021,OR,40136,633,2964,342
20201020,OR,39794,628,2947,262
20201019,OR,39532,620,2886,216
20201018,OR,39316,620,2886,381
20201017,OR,38935,617,2886,410
20201016,OR,38525,611,2868,365
20201015,OR,38160,608,2848,380
20201014,OR,37780,605,2817,313
20201013,OR,37467,599,2804,205
20201012,OR,37262,599,2741,327
20201011,OR,36935,599,2741,409
20201010,OR,36526,597,2741,410
20201009,OR,36116,594,2727,482
20201008,OR,35634,583,2705,294
20201007,OR,35340,581,2680,291
20201006,OR,35049,572,2657,279
20201005,OR,34770,572,2618,259
20201004,OR,34511,571,2618,348
20201003,OR,34163,563,2618,301
20201002,OR,33862,560,2613,353
20201001,OR,33509,559,2598,218
20200930,OR,33291,555,2558,297
20200929,OR,32994,547,2538,174
20200928,OR,32820,547,2496,239
20200927,OR,32581,546,2496,267
20200926,OR,32314,542,2496,449
20200925,OR,31865,539,2468,362
20200924,OR,31503,538,2438,190
20200923,OR,31313,532,2419,318
20200922,OR,30995,529,2395,194
20200921,OR,30801,526,2356,202
20200920,OR,30599,525,2356,257
20200919,OR,30342,521,2356,492
20200918,OR,29850,521,2341,0
20200917,OR,29850,521,2319,188
20200916,OR,29662,519,2292,178
20200915,OR,29484,511,2279,147
20200914,OR,29337,509,2235,181
20200913,OR,29156,505,2235,291
20200912,OR,28865,499,2235,211
20200911,OR,28654,497,2222,183
20200910,OR,28471,494,2215,116
20200909,OR,28355,486,2206,165
20200908,OR,28190,482,2161,146
20200907,OR,28044,481,2161,188
20200906,OR,27856,480,2161,255
20200905,OR,27601,475,2161,265
20200904,OR,27336,470,2175,261
20200903,OR,27075,468,2167,129
20200902,OR,26946,465,2162,233
20200901,OR,26713,459,2149,159
20200831,OR,26554,458,2108,261
20200830,OR,26293,454,2108,239
20200829,OR,26054,447,2108,293
20200828,OR,25761,438,2093,190
20200827,OR,25571,433,2063,180
20200826,OR,25391,428,2038,236
20200825,OR,25155,420,2028,218
20200824,OR,24937,417,1984,227
20200823,OR,24710,417,1984,289
20200822,OR,24421,414,1984,256
20200821,OR,24165,412,1979,295
20200820,OR,23870,408,1958,194
20200819,OR,23676,397,1929,225
20200818,OR,23451,388,1913,189
20200817,OR,23262,388,1863,244
20200816,OR,23018,386,1863,405
20200815,OR,22613,385,1863,313
20200814,OR,22300,383,1853,278
20200813,OR,22022,375,1845,248
20200812,OR,21774,368,1813,286
20200811,OR,21488,357,1798,216
20200810,OR,21272,356,1758,262
20200809,OR,21010,355,1758,374
20200808,OR,20636,348,1758,411
20200807,OR,20225,339,1743,246
20200806,OR,19979,338,1726,280
20200805,OR,19699,333,1688,333
20200804,OR,19366,328,1655,269
20200803,OR,19097,326,1607,280
20200802,OR,18817,325,1607,325
20200801,OR,18492,322,1607,361
20200731,OR,18131,316,1587,410
20200730,OR,17721,311,1568,305
20200729,OR,17416,303,1537,328
20200728,OR,17088,289,1514,330
20200727,OR,16758,289,1474,266
20200726,OR,16492,286,1474,388
20200725,OR,16104,282,1474,391
20200724,OR,15713,273,1465,320
20200723,OR,15393,269,1433,254
20200722,OR,15139,269,1406,292
20200721,OR,14847,262,1387,268
20200720,OR,14579,260,1327,430
20200719,OR,14149,257,1327,347
20200718,OR,13802,254,1327,293
20200717,OR,13509,249,1311,428
20200716,OR,13081,247,1290,276
20200715,OR,12805,244,1254,367
20200714,OR,12438,237,1234,268
20200713,OR,12170,234,1180,319
20200712,OR,11851,232,1180,397
20200711,OR,11454,232,1180,266
20200710,OR,11188,230,1162,371
20200709,OR,10817,224,1155,212
20200708,OR,10605,220,1141,210
20200707,OR,10395,215,1125,165
20200706,OR,10230,215,1069,300
20200705,OR,9930,213,1069,294
20200704,OR,9636,209,1069,342
20200703,OR,9294,209,1069,363
20200702,OR,8931,208,1055,275
20200701,OR,8656,207,1038,171
20200630,OR,8485,204,1025,144
20200629,OR,8341,202,1022,247
20200628,OR,8094,202,1022,276
20200627,OR,7818,202,1022,250
20200626,OR,7568,197,1012,124
20200625,OR,7444,195,1006,170
20200624,OR,7274,192,983,191
20200623,OR,7083,192,969,146
20200622,OR,6937,190,946,187
20200621,OR,6750,189,946,178
20200620,OR,6572,188,946,206
20200619,OR,6366,187,933,148
20200618,OR,6218,183,929,120
20200617,OR,6098,182,912,278
20200616,OR,5820,180,899,184
20200615,OR,5636,176,875,101
20200614,OR,5535,174,875,158
20200613,OR,5377,173,875,140
20200612,OR,5237,171,864,177
20200611,OR,5060,169,857,72
20200610,OR,4988,169,851,66
20200609,OR,4922,164,843,114
20200608,OR,4808,164,819,146
20200607,OR,4662,163,819,92
20200606,OR,4570,161,819,96
20200605,OR,4474,159,812,75
20200604,OR,4399,159,800,64
20200603,OR,4335,157,795,33
20200602,OR,4302,154,790,59
20200601,OR,4243,153,786,58
20200531,OR,4185,153,778,54
20200530,OR,4131,151,771,45
20200529,OR,4086,151,768,48
20200528,OR,4038,148,759,71
20200527,OR,3967,148,752,18
20200526,OR,3949,148,747,22
20200525,OR,3927,148,742,39
20200524,OR,3888,147,740,24
20200523,OR,3864,147,737,47
20200522,OR,3817,145,732,16
20200521,OR,3801,144,723,75
20200520,OR,3726,140,714,39
20200519,OR,3687,138,708,64
20200518,OR,3623,137,703,11
20200517,OR,3612,137,699,71
20200516,OR,3541,137,691,62
20200515,OR,3479,137,685,63
20200514,OR,3416,134,678,130
20200513,OR,3286,130,673,0
20200512,OR,3286,130,673,58
20200511,OR,3228,127,670,68
20200510,OR,3160,127,662,92
20200509,OR,3068,124,659,79
20200508,OR,2989,121,645,73
20200507,OR,2916,115,641,77
20200506,OR,2839,113,622,80
20200505,OR,2759,109,608,79
20200504,OR,2680,109,598,45
20200503,OR,2635,109,595,56
20200502,OR,2579,104,591,69
20200501,OR,2510,103,578,64
20200430,OR,2446,101,569,92
20200429,OR,2354,92,554,0
20200428,OR,2354,92,554,43
20200427,OR,2311,91,546,58
20200426,OR,2253,87,536,76
20200425,OR,2177,86,520,50
20200424,OR,2127,83,512,68
20200423,OR,2059,78,488,57
20200422,OR,2002,78,471,46
20200421,OR,1956,75,465,46
20200420,OR,1910,74,456,66
20200419,OR,1844,72,449,59
20200418,OR,1785,70,427,49
20200417,OR,1736,64,414,73
20200416,OR,1663,58,401,30
20200415,OR,1633,55,381,49
20200414,OR,1584,53,369,57
20200413,OR,1527,52,359,156
20200412,OR,1371,48,338,50
20200411,OR,1321,44,326,0
20200410,OR,1321,44,326,82
20200409,OR,1239,33,324,58
20200408,OR,1181,33,324,49
20200407,OR,1132,27,258,64
20200406,OR,1068,27,258,69
20200405,OR,999,26,239,100
20200404,OR,899,22,204,73
20200403,OR,826,21,188,90
20200402,OR,736,18,154,46
20200401,OR,690,18,154,84
20200331,OR,606,16,140,58
20200330,OR,548,13,129,69
20200329,OR,479,13,117,65
20200328,OR,414,12,102,87
20200327,OR,327,11,90,118
20200326,OR,209,8,61,0
20200325,OR,209,8,61,18
20200324,OR,191,5,56,30
20200323,OR,161,4,43,47
20200322,OR,114,3,0,0
20200321,OR,114,3,0,26
20200320,OR,88,3,0,13
20200319,OR,75,3,0,28
20200318,OR,47,0,0,8
20200317,OR,39,0,0,3
20200316,OR,36,0,0,6
20200315,OR,30,0,0,0
20200314,OR,30,0,0,11
20200313,OR,19,0,0,0
20200312,OR,19,0,0,4
20200311,OR,15,0,0,1
20200310,OR,14,0,0,0
20200309,OR,14,0,0,7
20200308,OR,7,0,0,4
20200307,OR,3,0,0,0
20200306,OR,3,0,0,0
20200305,OR,3,0,0,3
20200304,OR,0,0,0,0
