date,state,positive,death,hospitalized,positiveIncrease
20210202,VT,12196,176,0,113
20210201,VT,12083,175,0,118
20210131,VT,11965,174,0,134
20210130,VT,11831,173,0,173
20210129,VT,11658,172,0,135
20210128,VT,11523,172,0,144
20210127,VT,11379,172,0,94
20210126,VT,11285,171,0,120
20210125,VT,11165,171,0,132
20210124,VT,11033,170,0,125
20210123,VT,10908,170,0,149
20210122,VT,10759,169,0,179
20210121,VT,10580,168,0,109
20210120,VT,10471,165,0,150
20210119,VT,10321,163,0,101
20210118,VT,10220,163,0,163
20210117,VT,10057,163,0,142
20210116,VT,9915,163,0,181
20210115,VT,9734,163,0,161
20210114,VT,9573,162,0,205
20210113,VT,9368,158,0,121
20210112,VT,9247,158,0,169
20210111,VT,9078,156,0,111
20210110,VT,8967,156,0,177
20210109,VT,8790,156,0,171
20210108,VT,8619,156,0,216
20210107,VT,8403,155,0,245
20210106,VT,8158,152,0,120
20210105,VT,8038,149,0,165
20210104,VT,7873,144,0,80
20210103,VT,7793,140,0,104
20210102,VT,7689,139,0,277
20210101,VT,7412,136,0,0
20201231,VT,7412,136,0,136
20201230,VT,7276,134,0,74
20201229,VT,7202,130,0,82
20201228,VT,7120,129,0,91
20201227,VT,7029,127,0,63
20201226,VT,6966,121,0,185
20201225,VT,6781,120,0,0
20201224,VT,6781,120,0,101
20201223,VT,6680,117,0,72
20201222,VT,6608,112,0,74
20201221,VT,6534,111,0,91
20201220,VT,6443,111,0,100
20201219,VT,6343,108,0,100
20201218,VT,6243,107,0,94
20201217,VT,6149,105,0,140
20201216,VT,6009,105,0,86
20201215,VT,5923,100,0,66
20201214,VT,5857,96,0,104
20201213,VT,5753,95,0,127
20201212,VT,5626,95,0,85
20201211,VT,5541,93,0,128
20201210,VT,5413,89,0,128
20201209,VT,5285,86,0,105
20201208,VT,5180,85,0,100
20201207,VT,5080,81,0,65
20201206,VT,5015,79,0,121
20201205,VT,4894,79,0,131
20201204,VT,4763,77,0,73
20201203,VT,4690,75,0,224
20201202,VT,4466,74,0,101
20201201,VT,4365,72,0,69
20201130,VT,4296,69,0,71
20201129,VT,4225,67,0,70
20201128,VT,4155,67,0,40
20201127,VT,4115,67,0,98
20201126,VT,4017,64,0,79
20201125,VT,3938,64,0,93
20201124,VT,3845,64,0,50
20201123,VT,3795,63,0,68
20201122,VT,3727,63,0,88
20201121,VT,3639,63,0,88
20201120,VT,3551,62,0,144
20201119,VT,3407,61,0,152
20201118,VT,3255,60,0,54
20201117,VT,3201,59,0,106
20201116,VT,3095,59,0,124
20201115,VT,2971,59,0,44
20201114,VT,2927,59,0,98
20201113,VT,2829,59,0,102
20201112,VT,2727,59,0,125
20201111,VT,2602,59,0,89
20201110,VT,2513,59,0,52
20201109,VT,2461,59,0,25
20201108,VT,2436,59,0,54
20201107,VT,2382,59,0,28
20201106,VT,2354,58,0,28
20201105,VT,2326,58,0,38
20201104,VT,2288,58,0,31
20201103,VT,2257,58,0,22
20201102,VT,2235,58,0,23
20201101,VT,2212,58,0,17
20201031,VT,2195,58,0,22
20201030,VT,2173,58,0,19
20201029,VT,2154,58,0,16
20201028,VT,2138,58,0,11
20201027,VT,2127,58,0,31
20201026,VT,2096,58,0,9
20201025,VT,2087,58,0,30
20201024,VT,2057,58,0,28
20201023,VT,2029,58,0,30
20201022,VT,1999,58,0,16
20201021,VT,1983,58,0,20
20201020,VT,1963,58,0,12
20201019,VT,1951,58,0,8
20201018,VT,1943,58,0,11
20201017,VT,1932,58,0,9
20201016,VT,1923,58,0,13
20201015,VT,1910,58,0,16
20201014,VT,1894,58,0,3
20201013,VT,1891,58,0,11
20201012,VT,1880,58,0,9
20201011,VT,1871,58,0,10
20201010,VT,1861,58,0,10
20201009,VT,1851,58,0,8
20201008,VT,1843,58,0,11
20201007,VT,1832,58,0,7
20201006,VT,1825,58,0,4
20201005,VT,1821,58,0,33
20201004,VT,1788,58,0,6
20201003,VT,1782,58,0,9
20201002,VT,1773,58,0,14
20201001,VT,1759,58,0,3
20200930,VT,1756,58,0,3
20200929,VT,1753,58,0,4
20200928,VT,1749,58,0,3
20200927,VT,1746,58,0,2
20200926,VT,1744,58,0,10
20200925,VT,1734,58,0,7
20200924,VT,1727,58,0,2
20200923,VT,1725,58,0,1
20200922,VT,1724,58,0,2
20200921,VT,1722,58,0,4
20200920,VT,1718,58,0,5
20200919,VT,1713,58,0,4
20200918,VT,1709,58,0,2
20200917,VT,1707,58,0,3
20200916,VT,1704,58,0,2
20200915,VT,1702,58,0,7
20200914,VT,1695,58,0,11
20200913,VT,1684,58,0,7
20200912,VT,1677,58,0,9
20200911,VT,1668,58,0,8
20200910,VT,1660,58,0,3
20200909,VT,1657,58,0,5
20200908,VT,1652,58,0,2
20200907,VT,1650,58,0,4
20200906,VT,1646,58,0,1
20200905,VT,1645,58,0,5
20200904,VT,1640,58,0,10
20200903,VT,1630,58,0,5
20200902,VT,1625,58,0,2
20200901,VT,1623,58,0,6
20200831,VT,1617,58,0,5
20200830,VT,1612,58,0,11
20200829,VT,1601,58,0,12
20200828,VT,1589,58,0,4
20200827,VT,1585,58,0,11
20200826,VT,1574,58,0,4
20200825,VT,1570,58,0,6
20200824,VT,1564,58,0,8
20200823,VT,1556,58,0,5
20200822,VT,1551,58,0,11
20200821,VT,1540,58,0,4
20200820,VT,1536,58,0,4
20200819,VT,1532,58,0,2
20200818,VT,1530,58,0,3
20200817,VT,1527,58,0,12
20200816,VT,1515,58,0,5
20200815,VT,1510,58,0,9
20200814,VT,1501,58,0,17
20200813,VT,1484,58,0,6
20200812,VT,1478,58,0,5
20200811,VT,1473,58,0,12
20200810,VT,1461,58,0,3
20200809,VT,1458,58,0,5
20200808,VT,1453,58,0,6
20200807,VT,1447,58,0,1
20200806,VT,1446,58,0,10
20200805,VT,1436,57,0,5
20200804,VT,1431,57,0,5
20200803,VT,1426,57,0,1
20200802,VT,1425,57,0,4
20200801,VT,1421,57,0,5
20200731,VT,1416,57,0,8
20200730,VT,1408,57,0,1
20200729,VT,1407,56,0,1
20200728,VT,1406,56,0,3
20200727,VT,1403,56,0,2
20200726,VT,1401,56,0,4
20200725,VT,1397,56,0,13
20200724,VT,1384,56,0,5
20200723,VT,1379,56,0,11
20200722,VT,1368,56,0,2
20200721,VT,1366,56,0,7
20200720,VT,1359,56,0,10
20200719,VT,1349,56,0,10
20200718,VT,1339,56,0,3
20200717,VT,1336,56,0,9
20200716,VT,1327,56,0,10
20200715,VT,1317,56,0,12
20200714,VT,1305,56,0,4
20200713,VT,1301,56,0,6
20200712,VT,1295,56,0,13
20200711,VT,1282,56,0,5
20200710,VT,1277,56,0,5
20200709,VT,1272,56,0,14
20200708,VT,1258,56,0,2
20200707,VT,1256,56,0,3
20200706,VT,1253,56,0,2
20200705,VT,1251,56,0,11
20200704,VT,1240,56,0,2
20200703,VT,1238,56,0,9
20200702,VT,1229,56,0,17
20200701,VT,1212,56,0,2
20200630,VT,1210,56,0,0
20200629,VT,1210,56,0,6
20200628,VT,1204,56,0,3
20200627,VT,1201,56,0,2
20200626,VT,1199,56,0,7
20200625,VT,1192,56,0,7
20200624,VT,1185,56,0,20
20200623,VT,1165,56,0,2
20200622,VT,1163,56,0,4
20200621,VT,1159,56,0,12
20200620,VT,1147,56,0,4
20200619,VT,1143,56,0,8
20200618,VT,1135,56,0,6
20200617,VT,1129,55,0,0
20200616,VT,1129,55,0,3
20200615,VT,1126,55,0,1
20200614,VT,1125,55,0,2
20200613,VT,1123,55,0,5
20200612,VT,1118,55,0,10
20200611,VT,1108,55,0,16
20200610,VT,1092,55,0,11
20200609,VT,1081,55,0,8
20200608,VT,1073,55,0,12
20200607,VT,1061,55,0,17
20200606,VT,1044,55,0,17
20200605,VT,1027,55,0,2
20200604,VT,1025,55,0,36
20200603,VT,989,55,0,2
20200602,VT,987,55,0,2
20200601,VT,985,55,0,4
20200531,VT,981,55,0,4
20200530,VT,977,55,0,2
20200529,VT,975,55,0,1
20200528,VT,974,55,0,4
20200527,VT,970,54,0,2
20200526,VT,968,54,0,5
20200525,VT,963,54,0,6
20200524,VT,957,54,0,3
20200523,VT,954,54,0,2
20200522,VT,952,54,0,2
20200521,VT,950,54,0,5
20200520,VT,945,54,0,1
20200519,VT,944,54,0,4
20200518,VT,940,54,0,0
20200517,VT,940,54,0,8
20200516,VT,932,53,0,1
20200515,VT,931,53,0,1
20200514,VT,930,53,0,1
20200513,VT,929,53,0,2
20200512,VT,927,53,0,1
20200511,VT,926,53,0,0
20200510,VT,926,53,0,8
20200509,VT,918,53,0,2
20200508,VT,916,53,0,2
20200507,VT,914,53,0,5
20200506,VT,909,52,0,3
20200505,VT,906,52,0,5
20200504,VT,901,52,0,5
20200503,VT,896,52,0,11
20200502,VT,885,51,0,6
20200501,VT,879,50,0,13
20200430,VT,866,49,0,4
20200429,VT,862,47,0,0
20200428,VT,862,47,0,7
20200427,VT,855,47,0,3
20200426,VT,852,46,0,9
20200425,VT,843,46,0,9
20200424,VT,834,44,0,3
20200423,VT,831,43,0,3
20200422,VT,828,40,0,8
20200421,VT,820,40,0,3
20200420,VT,817,38,0,4
20200419,VT,813,38,0,11
20200418,VT,802,38,0,10
20200417,VT,792,35,0,13
20200416,VT,779,35,0,9
20200415,VT,770,30,0,9
20200414,VT,761,29,0,7
20200413,VT,754,28,0,21
20200412,VT,733,27,0,20
20200411,VT,713,25,0,33
20200410,VT,680,24,0,49
20200409,VT,631,23,0,23
20200408,VT,608,23,50,33
20200407,VT,575,23,45,32
20200406,VT,543,23,45,31
20200405,VT,512,22,45,52
20200404,VT,460,20,45,70
20200403,VT,390,17,45,31
20200402,VT,359,17,45,39
20200401,VT,320,16,45,27
20200331,VT,293,13,36,37
20200330,VT,256,12,18,22
20200329,VT,234,12,18,21
20200328,VT,213,12,18,28
20200327,VT,185,10,18,25
20200326,VT,160,9,0,35
20200325,VT,125,8,0,28
20200324,VT,97,7,0,21
20200323,VT,76,5,0,24
20200322,VT,52,2,0,8
20200321,VT,44,2,0,16
20200320,VT,28,2,0,7
20200319,VT,21,0,0,2
20200318,VT,19,0,0,2
20200317,VT,17,0,0,5
20200316,VT,12,0,0,4
20200315,VT,8,0,0,3
20200314,VT,5,0,0,3
20200313,VT,2,0,0,0
20200312,VT,2,0,0,1
20200311,VT,1,0,0,0
20200310,VT,1,0,0,0
20200309,VT,1,0,0,0
20200308,VT,1,0,0,1
20200307,VT,0,0,0,0
20200306,VT,0,0,0,0
20200305,VT,0,0,0,0
20200304,VT,0,0,0,0
20200303,VT,0,0,0,0
